3.693910256569457040e-01
3.676549126195091111e-01
3.803953035519672676e-01
3.600694466636985558e-01
4.687232925182479026e-01
4.446047036470766045e-01
4.264957232353014938e-01
4.886752138407821078e-01
3.689636835175701957e-01
3.642094019704904539e-01
3.682158096000934244e-01
5.358707315614844591e-01
5.405715826548571634e-01
5.070245721910753289e-01
4.513087591522524367e-01
3.779380328189103633e-01
3.733440271109087494e-01
3.562767103027838500e-01
4.741185878713924939e-01
5.227029984896509607e-01
4.316506446299390731e-01
5.347222177964499057e-01
5.113247826408880981e-01
4.072115383087060447e-01
4.095886743062326918e-01
4.637553488565051563e-01
4.620459397028908177e-01
4.680021392006395442e-01
3.492788499873927255e-01
3.599893202861914610e-01
3.701388896243949511e-01
4.651442282220237256e-01
4.211271429100096886e-01
4.869124056755477770e-01
3.635683746323881138e-01
3.886752157575554256e-01
3.754540546200215156e-01
4.412927343072289288e-01
4.544337662812482082e-01
4.887019213066142731e-01
3.673076956636375234e-01
3.947916672143161887e-01
3.807692327496842721e-01
4.411324899102379016e-01
5.304220109286471585e-01
4.210470093684827719e-01
3.648504368706136369e-01
3.842147433987029848e-01
3.728365355099622080e-01
4.696848301423920402e-01
4.887553489743134416e-01
4.687232909262435410e-01
3.746527753229070279e-01
3.653579014074853637e-01
3.771901664634544904e-01
4.177617538624848748e-01
4.589476547657678762e-01
4.524839684430860265e-01
3.709668859393678297e-01
3.718482836539673819e-01
3.615384679287672043e-01
4.219818427108037451e-01
4.609241389757038343e-01
4.202190102675021910e-01
3.582799135205836927e-01
3.666666719075451497e-01
3.840811941295098619e-01
4.723290614942963206e-01
4.306623955599517828e-01
4.663461533367124767e-01
3.507478609044327733e-01
3.721955105598666047e-01
3.666666691215375029e-01
5.333066257910850094e-01
4.762019206507083768e-01
4.444711531838800300e-01
4.506677357941611395e-01
3.551282128557944895e-01
3.708066220403227198e-01
3.775641044171957339e-01
4.727564088076862681e-01
4.772168843505474323e-01
4.526442243821090505e-01
3.563568450383141628e-01
3.776976405523526648e-01
3.775373985433679858e-01
4.194444336602066725e-01
4.600427313110767025e-01
4.093749978635300435e-01
3.701388884303916105e-01
4.512820552684302933e-01
4.602564105397869421e-01
4.008546989633996471e-01
3.739316279753150951e-01
5.385149597293800161e-01
4.506944436579942703e-01
4.177083301747965827e-01
3.685897479518355779e-01
4.532585335083496592e-01
4.192574730413590745e-01
4.246794838203579170e-01
3.574252061577688488e-01
4.496527792583418504e-01
4.206730921107988963e-01
3.701121765865474922e-01
4.707264901640322852e-01
4.509882464782039579e-01
4.596955139572038718e-01
3.711004280445412418e-01
3.594284205195995563e-01
3.735843966914038083e-01
4.302350434705487503e-01
4.376335424394943718e-01
4.127403865130538918e-01
3.579059863128723484e-01
3.708867504078353083e-01
3.898771249522001159e-01
4.466613213985394237e-01
4.170406001468753843e-01
4.000534180742807977e-01
3.435096238445268790e-01
3.837072597577786404e-01
3.790064046843948375e-01
4.121260694267912528e-01
4.425747842074204685e-01
4.404113262446008870e-01
3.676014933098331050e-01
3.652777722439704000e-01
3.651709391966334595e-01
4.700053448064459016e-01
4.181891031658801494e-01
4.053953068537844429e-01
3.851228477831324937e-01
4.694978635535280165e-01
4.042200896029288781e-01
3.649038533942821627e-01
3.700320537910501972e-01
3.745993727292769582e-01
4.311164579011945164e-01
4.565438037403882765e-01
4.552083281625030065e-01
3.805288504331539312e-01
3.835202939649167697e-01
4.284187988815908454e-01
4.498664580890510689e-01
4.603365341312864456e-01
4.497061997620214191e-01
3.657585480210617801e-01
3.734241518964114825e-01
3.734241459263950569e-01
4.216078963990395057e-01
5.057425298529049096e-01
5.091880337359049324e-01
5.303151695232869445e-01
5.040865340389502069e-01
3.628205102669377347e-01
3.649839634537442867e-01
3.632745853442158057e-01
5.401175163336034979e-01
5.570512858625406016e-01
4.288728723668643883e-01
3.554487183658230909e-01
3.544337582479938908e-01
3.801014923737344731e-01
4.364583287706486625e-01
4.902777784050275089e-01
4.552617554322012094e-01
3.715010639120879810e-01
3.776175229308696424e-01
3.775640952631703073e-01
4.999732913720047467e-01
4.334935883267058143e-01
3.730769210105013833e-01
3.715010682901001005e-01
4.184561877742283276e-01
4.877403892544854846e-01
4.630074729490228913e-01
4.742254292767526525e-01
3.709668839493623360e-01
3.762286308293159576e-01
4.119391048279327783e-01
4.868589700478264115e-01
5.551014935963938246e-01
4.672542704571771011e-01
3.631677312028204208e-01
3.775908202410508396e-01
4.336271336158881162e-01
4.635950825694534205e-01
5.129006341672860403e-01
4.123664517433215382e-01
3.502937949811801288e-01
3.735042687218923518e-01
4.050213673080389487e-01
4.376869673211859491e-01
5.144230807120474536e-01
4.603899538389638058e-01
3.704861201123040293e-01
3.820245720000348122e-01
4.214743574778747615e-01
4.868322617859921486e-01
5.252403820681776914e-01
3.809027804268730333e-01
3.632745821602069158e-01
4.780982824631480610e-01
5.104967895099240538e-01
4.038461508531854816e-01
4.200053342228006747e-01
4.176549124571247718e-01
4.541132492291876099e-01
4.395566256478046219e-01
3.552617541649658039e-01
4.300747823575113982e-01
5.546741510590171842e-01
4.865918742954475906e-01
3.629273584383165829e-01
3.789262767148833810e-01
4.092414529723489292e-01
4.740918796095582310e-01
5.503739290671725293e-01
4.618589766960367604e-01
3.766025691810582221e-01
3.802884677186226803e-01
4.241185840537659568e-01
4.462606787649739393e-01
4.493055535464459682e-01
4.563835517813761289e-01
4.272970049204225518e-01
4.619658053653616925e-01
5.176816207921912660e-01
5.223824766615772219e-01
4.077724416573078603e-01
3.702457226717318362e-01
3.736912412807727457e-01
3.650106792775994480e-01
4.686164542968965785e-01
4.346153878598895126e-01
4.444711496018701191e-01
3.587874051215301785e-01
3.661858909564396081e-01
3.672008550542796845e-01
4.700053344584173010e-01
5.005074729267349198e-01
4.519230754425128116e-01
3.627403755314075329e-01
3.849626013961357507e-01
3.697649536606592013e-01
4.024839761674913752e-01
4.378472228622079521e-01
4.125267037023337413e-01
3.775106755554930582e-01
4.665064068877289305e-01
4.376335460215042827e-01
4.095619656463972968e-01
3.834935940611056138e-01
4.679220048631103634e-01
4.785523527644128805e-01
4.101762875086731319e-01
3.788995827810886508e-01
4.412393193755648757e-01
4.546741509857850638e-01
4.732104783129488235e-01
3.603899521737271017e-01
4.035790547028056396e-01
3.810897406477194438e-01
4.168002130543319583e-01
4.214209425462107084e-01
4.729433793765612237e-01
5.174412344956499377e-01
4.671741468656776530e-01
3.492521353575408494e-01
3.829861052461669413e-01
3.794070505019691009e-01
4.623130386392784730e-01
4.314636736630629299e-01
4.174946569161028798e-01
3.747863210100902953e-01
4.668803528014920379e-01
4.186431583431032277e-01
4.140224419852606141e-01
3.639423062181116331e-01
4.789797040578137044e-01
4.488514943892120690e-01
4.017361070260278000e-01
3.566506311424777476e-01
3.704059817947638611e-01
3.755876054812191112e-01
4.892361084333597399e-01
4.365384627101768222e-01
4.583600463393406876e-01
3.701656078362566826e-01
3.696848268851510300e-01
3.860576942594897143e-01
4.608440090161867730e-01
4.474091917340062841e-01
4.522435853305535325e-01
3.652510647781384012e-01
3.771634574056180744e-01
4.617521293206602317e-01
4.606036322716718923e-01
4.095619636563919141e-01
3.848023394870961900e-01
4.674412338620322349e-01
4.147435937108647774e-01
4.094551250370394024e-01
3.769764896227508211e-01
4.674679584419115796e-01
4.713141077444849003e-01
4.110576943772979996e-01
3.691239342825790026e-01
4.384882474143025899e-01
4.226228640788894375e-01
3.604166675995812419e-01
3.770566215722733761e-01
4.539797043380065511e-01
4.938034221975722282e-01
4.107371769272364359e-01
3.705395298699538653e-01
3.528312044297782224e-01
3.736111097292513228e-01
4.677617501180905135e-01
4.143696577471290832e-01
4.084134614333893021e-01
3.668002096347064978e-01
3.830929462535259122e-01
3.768696605554248680e-01
4.819444441037554760e-01
4.295940113564332141e-01
3.974893234479121018e-01
3.659722212797555940e-01
3.665598241341673780e-01
3.845085486069194647e-01
4.047008502559784060e-01
4.413995625785527843e-01
4.745192289129536167e-01
4.435630380534208439e-01
3.690972256227436632e-01
3.782852561427996196e-01
3.770833326201153413e-01
4.256410294045240295e-01
5.435630381266530753e-01
4.239316202509097464e-01
4.244391054838386745e-01
4.276976563100122197e-01
3.575320547271487737e-01
3.713141024972384518e-01
3.718215777801398003e-01
4.347222205092255432e-01
4.266292709124903659e-01
4.618589627659983043e-01
3.711271227743380696e-01
3.841880271768468025e-01
3.755341853755406190e-01
4.787660200530902133e-01
4.090277824996627620e-01
4.690705138521316653e-01
3.613514909918746909e-01
3.824252122455938374e-01
3.733173065110403921e-01
4.266025654366637498e-01
4.056891033059765728e-01
4.025106876133343059e-01
3.745459466535820958e-01
3.637820578411093964e-01
3.533920946443437905e-01
3.729700792071401483e-01
4.518162360271583133e-01
3.918803417020373381e-01
4.679754285507986555e-01
3.698985037258547548e-01
3.716346032312538572e-01
3.763354770106892566e-01
4.259882364103682040e-01
4.336805616815884723e-01
4.171207237383748323e-01
3.849091848724672804e-01
4.075587699906184080e-01
4.461271330777905053e-01
3.601762884670598464e-01
3.763621820885146851e-01
4.089743572199702193e-01
5.020299162874872767e-01
4.547008544716060752e-01
5.818108961017977032e-01
3.442040585522723184e-01
3.760950791721160424e-01
4.105234996885316345e-01
4.202724279851740574e-01
3.744658059480353018e-01
3.753739393865451190e-01
4.457799097539013600e-01
4.212873972570285175e-01
4.117254287832312620e-01
3.861378106869693405e-01
4.651709420558733932e-01
3.961271316481705940e-01
4.086004260322477211e-01
3.777243551822044298e-01
3.882745771040009286e-01
3.912927352656156432e-01
4.195779968594384179e-01
4.224091804721671894e-01
5.535523471478211999e-01
4.677617548941037096e-01
5.290865425147815992e-01
5.082532051695972664e-01
4.205662351833958090e-01
3.828525730910209979e-01
4.807692260568977582e-01
4.163995759927818785e-01
4.041399580514074552e-01
3.720352490488280650e-01
4.728899628528926979e-01
4.137820509127062563e-01
3.993856745143222198e-01
3.803418802622801631e-01
3.746260702450815994e-01
3.918803440900439639e-01
4.181624004760612356e-01
4.618856885398809897e-01
4.168269225101695064e-01
3.616987282458024033e-01
3.699519198515222596e-01
4.194711534640728212e-01
4.200854717443386344e-01
4.271100415155674179e-01
4.681089726459775613e-01
3.708066184583128089e-01
3.620726415234753470e-01
3.760950899181457752e-01
4.718215782513730527e-01
4.430555524224908948e-01
4.395566232597981071e-01
3.809294918727160750e-01
3.611111106653498437e-01
3.782585502689719825e-01
5.078525645260372201e-01
4.208333249657581487e-01
4.583600471353429517e-01
3.743322642408629664e-01
3.746260758170969485e-01
3.747329064764274298e-01
4.721153850515938943e-01
4.424946614119231736e-01
4.601495639604126220e-01
3.841880339428654367e-01
3.697916607284902346e-01
3.801549192454315995e-01
4.136485040315195927e-01
5.074786313483092837e-01
3.963675215267217222e-01
3.649572543959077042e-01
3.616720076459341016e-01
3.735309841477464365e-01
4.724091846877948586e-01
4.337072707394248328e-01
4.508547051690328100e-01
3.729700835851522678e-01
3.546741369825142653e-01
3.743322550868376508e-01
4.651442333960380537e-01
4.599091896039043670e-01
4.863782093947769392e-01
3.801282129736029414e-01
3.789529921407373547e-01
4.653846121305583727e-01
4.773504348137440068e-01
4.566773426615529652e-01
3.771367475517795609e-01
3.629273600303210001e-01
3.768162364697354438e-01
3.678685914502184962e-01
4.656517102709437639e-01
4.291399569752124554e-01
4.094818281248593927e-01
3.692040626500916467e-01
4.741987202189161810e-01
4.373130297654459486e-01
4.086004140922147032e-01
3.835737168566029642e-01
4.728098185653360486e-01
4.589743538735767681e-01
4.591880319082839446e-01
3.565705111329880994e-01
3.770031939045740965e-01
3.864583181870034911e-01
4.073450812098817209e-01
4.507211582878460909e-01
4.604700889724951951e-01
3.664529950668414804e-01
3.591079090395543627e-01
3.834668810232582659e-01
4.801549197166649074e-01
4.418803383556441089e-01
4.568108939207517483e-01
3.670405995132576260e-01
3.733440215388934003e-01
3.759615410469536734e-01
4.681623859856373082e-01
4.224626037618542940e-01
4.160256384370418226e-01
