4.531784111108534963e-01
4.666399593409309987e-01
4.666933671085753410e-01
4.560096197976515886e-01
4.521367538752209536e-01
4.812232959601613902e-01
4.618055617643727073e-01
4.741453040932488427e-01
5.035256402423748945e-01
5.161858976333060234e-01
6.016559835809927037e-01
4.544871828049166229e-01
4.775908083742500532e-01
4.983707244197527197e-01
5.933493631135703383e-01
5.238782057904789458e-01
5.076656031111875800e-01
4.875267060457641466e-01
4.827190254870642461e-01
5.081196610744181941e-01
4.706997894642190317e-01
4.909989241606150245e-01
5.483707190833539968e-01
5.231837575506960158e-01
4.707799182297326968e-01
4.865651735956342816e-01
4.707799134537195007e-01
4.990117521558561364e-01
5.090010679430431173e-01
4.840811977847520042e-01
5.152777761348292795e-01
5.585203075256103267e-01
5.044871798565244703e-01
6.380074753656855835e-01
5.026976522854250673e-01
5.002403775723571755e-01
5.233173155759134332e-01
5.171741447132875980e-01
4.837873901885290095e-01
5.088942245476775206e-01
4.924679557737122182e-01
5.104700820440919440e-01
5.248664504824540611e-01
5.415331214730045861e-01
5.260683748011405481e-01
4.861645249920523160e-01
4.709401741687558873e-01
4.917467905160708419e-01
5.380074812624698888e-01
5.119658044069750336e-01
5.433226522281129345e-01
5.143162381126838989e-01
5.194711531393039206e-01
5.379807610606025525e-01
5.182692288206174336e-01
4.999198752463372974e-01
4.721688051572722200e-01
5.033386800215284840e-01
5.215010670069445409e-01
5.360042637166304580e-01
5.350160301686861519e-01
5.377670949659285604e-01
5.487713652989292257e-01
5.338408077438162591e-01
5.214743619291191123e-01
5.090010679430431173e-01
5.499198738899494510e-01
5.566773467147961840e-01
5.263087618936839185e-01
5.205395321688081056e-01
5.485576880602246463e-01
5.326655908909618820e-01
5.394497823256712010e-01
5.757211517128679734e-01
5.508814087280859972e-01
5.974893164303567428e-01
5.634348282956669340e-01
5.406250055465433579e-01
5.635683704008404016e-01
5.385416616231967213e-01
5.742254237779693682e-01
5.605502158212356534e-01
5.389155955969268108e-01
5.805288418235940995e-01
5.327724446343560238e-01
5.659722198342156396e-01
5.902777784782597958e-01
6.231036252764045047e-01
5.514422989426515098e-01
5.288194483544071955e-01
5.348290619878177665e-01
5.771634551640759669e-01
5.565972282973110641e-01
5.588675165214598284e-01
5.969551344776256041e-01
6.048343980796316854e-01
6.033653855705871649e-01
5.938568447644894110e-01
6.105769235226843339e-01
5.851762839553192874e-01
6.116720108140227818e-01
5.873931612278151526e-01
6.087339698758899020e-01
5.965010669623684869e-01
6.178418803864563769e-01
5.577190150944595359e-01
5.598824830073066972e-01
5.793269198929142938e-01
5.695779935862773646e-01
5.608707221272662968e-01
5.778846156457040362e-01
5.371260672298252548e-01
5.905715892584915139e-01
5.199252158785476752e-01
6.016826950268359120e-01
5.927617558811464349e-01
5.859775612624282815e-01
5.747863259325678431e-01
5.876068392625222181e-01
5.980234975870857284e-01
5.846153802087163953e-01
6.068108986076126143e-01
5.913728673616025500e-01
5.994123972506603115e-01
5.982104657679541138e-01
6.234508533763070126e-01
6.409188080419840894e-01
6.771634612073245130e-01
6.699786354970728164e-01
6.365117498187937706e-01
6.100694374937531972e-01
6.389156016401755789e-01
6.441773513061368472e-01
6.236378199651709808e-01
6.337072684978827253e-01
6.279380355889979670e-01
6.676014959175362584e-01
6.764155980358775855e-01
6.690438009607486691e-01
6.875267077842328600e-01
6.593215781399327513e-01
6.790064037100881356e-01
6.702190217936140337e-01
6.687232906747068162e-01
6.777510748077661962e-01
6.242254367496212764e-01
6.873130400975545617e-01
6.939636719150421573e-01
6.679487184454233617e-01
6.908653861819168407e-01
6.823717911656085322e-01
6.940437990885514052e-01
6.991720082413437343e-01
6.783119650223315977e-01
7.105502181200898937e-01
7.070779896572104706e-01
6.956463680308088149e-01
7.041666721049537614e-01
6.943376050927699827e-01
6.584668787371399379e-01
6.871260703246817592e-01
7.172542696452547384e-01
7.164529963181568428e-01
7.083867494112405794e-01
7.055288499746565911e-01
7.254006485016938344e-01
7.188034141038217584e-01
7.148237246860805749e-01
7.370726468726099823e-01
7.412126033734052211e-01
7.219017062049646327e-01
7.307959386808241531e-01
7.313301341655926713e-01
7.381143144562714031e-01
7.400106941787605308e-01
7.519764953698867549e-01
7.492521396304807624e-01
7.458066297774641473e-01
7.440170974303513818e-01
7.274839741169897289e-01
7.475694419227094656e-01
7.577190255889526549e-01
7.587606868045961850e-01
7.487980792792434670e-01
7.551014949368615170e-01
7.703258616802020065e-01
7.229700860304710819e-01
7.600694449666218766e-01
7.509882506779115285e-01
7.660790609880389068e-01
7.419604681368565657e-01
7.463141050603654403e-01
7.747061933335075423e-01
7.660523535222070191e-01
7.759081152641875700e-01
7.538995714141771831e-01
7.590277789749652060e-01
7.781784154283694077e-01
7.870192266045472618e-01
7.768429450244984658e-01
8.019230798778370639e-01
8.040064070851374867e-01
8.042734976635018684e-01
8.010683661470047179e-01
8.022702912616933579e-01
7.978098196988432367e-01
8.120993566818724974e-01
8.120459385661995544e-01
8.194978659988467751e-01
8.212873887939330375e-01
8.321581217977735978e-01
8.218215779106839980e-01
8.323718006284825943e-01
8.264155979467252555e-01
8.358707317811810977e-01
8.340544935602407506e-01
8.494925152542243119e-01
8.368589764731562131e-01
8.470352548691961747e-01
8.471688017503827828e-01
8.441773602086253270e-01
8.422008501286180060e-01
8.578258575155185417e-01
8.533119662449909493e-01
8.615651765567624576e-01
8.583867429540706917e-01
8.577190133241505698e-01
8.744123893925266344e-01
8.569711581127256173e-01
8.671741455666022169e-01
8.629540618922973971e-01
8.523504242428346922e-01
8.610042751981661358e-01
8.551014922240860461e-01
8.751068344483007300e-01
8.916666652274946037e-01
8.944177363927545699e-01
8.861378249831689535e-01
9.008279882817186168e-01
8.988514973057639690e-01
8.933760672170890649e-01
9.062767140885703565e-01
8.959668776673128665e-01
9.124198626631344622e-01
8.963408076610319686e-01
8.934027810509388434e-01
9.034722279916462817e-01
8.982906023151854269e-01
9.108974352224260551e-01
9.199786406551671014e-01
9.114316195631637640e-01
9.171474423163975542e-01
9.198985134816577425e-01
9.272703073727778245e-01
9.249732997427638770e-01
9.341613238948023312e-01
9.407585487406477931e-01
9.367521375290348562e-01
9.397970083304958422e-01
9.543803385817086760e-01
9.396367492074639838e-01
9.521901751430623673e-01
9.114049109033284246e-01
9.606837590153400885e-01
9.645032084141020867e-01
9.501068399757400806e-01
9.663461525088701265e-01
9.530181623040101524e-01
9.662126040356791012e-01
9.626869717851662678e-01
9.555822652884018442e-01
9.615117525443053204e-01
9.547275642936046136e-01
9.493322693384608213e-01
9.584668849268529467e-01
9.492254346991195746e-01
9.457264939943947901e-01
9.458867563014355939e-01
9.518162371893212903e-01
9.467948658598792644e-01
9.389423073356986116e-01
9.538995628046172959e-01
9.354967958906776904e-01
9.364316240589842799e-01
9.262019227712582348e-01
9.201121891283581267e-01
9.148504267263616319e-01
9.313835532237321191e-01
9.224358930801734857e-01
9.233707308005063563e-01
9.225961585712227908e-01
9.215010665038712023e-01
9.094017041035186155e-01
9.136752186295313827e-01
9.096688026419051942e-01
9.096687962738876365e-01
8.997328993983757517e-01
9.064369732116023259e-01
9.206997852167511098e-01
8.963141065632176385e-01
8.923076905755915611e-01
8.909188052400562885e-01
9.029113330010675176e-01
8.931356904725742396e-01
8.969818346011333432e-01
9.119390996220784196e-01
9.059829001243296931e-01
8.954593976083982110e-01
8.894765017888485170e-01
9.028846159832090157e-01
8.993589725886654840e-01
8.923878129730875575e-01
9.032852629947865086e-01
9.009882410367329175e-01
9.059561958425064176e-01
9.046741467383171420e-01
9.076655978321011009e-01
9.112980742739813511e-01
9.142094061542779260e-01
9.113247881078312407e-01
9.177350447728082061e-01
9.119658039039015840e-01
9.135683728461591047e-01
9.164262834267736801e-01
9.154113249009490083e-01
9.286858922141228989e-01
9.227296959003831178e-01
9.242254317953035869e-01
9.346955098275445684e-01
9.391292739245625798e-01
9.324252176233844835e-01
9.295940129165976007e-01
9.319444418462932145e-01
9.399572626775145601e-01
9.341079041871247490e-01
9.225160234376915680e-01
9.453525655926802163e-01
9.212072636836614592e-01
9.264155984179587300e-01
9.214476483881982594e-01
9.310096089019734844e-01
9.253205159026333115e-01
9.489850531785914978e-01
9.428953036156473289e-01
9.288995774128496752e-01
9.368055460926812961e-01
9.439369648312910810e-01
9.513888858959205219e-01
9.543803481337351791e-01
9.642361098757157301e-01
9.650106836970036017e-01
9.704326940780011457e-01
9.738247858153448178e-01
9.751869620930435634e-01
9.775640984885712870e-01
9.794604734350471631e-01
9.856837571431428247e-01
9.879807775091921096e-01
9.849358939716958972e-01
9.890758584325129998e-01
9.888354657679541138e-01
9.839476413196988069e-01
9.822916685898079869e-01
9.814903713826439446e-01
9.822649627159800723e-01
9.608440213223807813e-01
9.824252154709944840e-01
9.709935938445930503e-01
9.715010691274944543e-01
9.724091914219732402e-01
9.760683801056990738e-01
9.620192262352023072e-01
9.685630345573791322e-01
9.653044817412000933e-01
9.644230764645795873e-01
9.599893091835527414e-01
9.534187933955435845e-01
9.518696584890031787e-01
9.557692271012525609e-01
9.546474323440820031e-01
9.529380239864699842e-01
9.510416697360510874e-01
9.482104634372596763e-01
9.287660241636455094e-01
9.426014944274200280e-01
9.389690132095263042e-01
9.324786341470530093e-01
9.313835484477188675e-01
9.355502171903593567e-01
9.241452918857591126e-01
9.251869594694202004e-01
9.326923161617710623e-01
9.299145327546656237e-01
9.377670896868419703e-01
9.313301335160548700e-01
9.164529972606234587e-01
9.242521297091090826e-01
9.148771357841980478e-01
9.211538503440016568e-01
9.187767059884519583e-01
9.314102559135509773e-01
9.079059825366377900e-01
9.081196581833381742e-01
9.109775687639529718e-01
9.064903833672530720e-01
9.179220081776635620e-01
9.145833329639883047e-01
9.227564097342327853e-01
9.201656008760134009e-01
9.307158172257944395e-01
9.262553392949267606e-01
9.408386822821745987e-01
9.375801246899824193e-01
9.424946613800830875e-01
9.407051290329705440e-01
9.402243564398879982e-01
9.449252222593013117e-01
9.505341896771364318e-01
9.596153791898335284e-01
9.507745711976645087e-01
9.533119667162244237e-01
9.620459448450648932e-01
9.592948657197830631e-01
9.591613188385963440e-01
9.616185967356730702e-01
9.619925139933569458e-01
9.596420930236833069e-01
9.629540591795219262e-01
9.572115337364692778e-01
9.586805478375181044e-01
9.500534075320274940e-01
9.674679504500494076e-01
9.565972206302179037e-01
9.712606732789268449e-01
9.661591875120105755e-01
9.742521371087455861e-01
9.737980767575082908e-01
9.706463729087103642e-01
9.826121868358717037e-01
9.685363239075381880e-01
9.764690191572548139e-01
9.777243576116032564e-01
9.728632469971973951e-01
9.674679504500495186e-01
9.751068317355252590e-01
9.719017049950411380e-01
9.719017049950411380e-01
9.689903922187975693e-01
9.665598281555705107e-01
9.744925218132824973e-01
9.677350410284139004e-01
9.635416616359328001e-01
9.692040599054759786e-01
9.641826917600426761e-01
9.615651690679736241e-01
9.589209484620990764e-01
9.586271424578803879e-01
9.516826950841479338e-01
9.536591860601025816e-01
9.617788431226697021e-01
9.494391135298287931e-01
9.462339708693006113e-01
9.563034225860213011e-01
9.520833277676860051e-01
9.576922983695297376e-01
9.374999975164730603e-01
9.485042789935045349e-01
9.397970115145046766e-01
9.472222155612757266e-01
9.406517093252930728e-01
9.468749994014060700e-01
9.523237220242491974e-01
9.376068385238320868e-01
9.462339772373183910e-01
9.531784118750157297e-01
9.590544873832635986e-01
9.467147450543874632e-01
9.499732883185401100e-01
9.423077011592366770e-01
9.409989350371890104e-01
9.318910316906422464e-01
9.540064197320203832e-01
9.504273502617819336e-01
9.581196576229527029e-01
9.475160199734898869e-01
9.439102557734544430e-01
9.460470186084762867e-01
9.488247845035333583e-01
9.331196579031454386e-01
9.382478590959157927e-01
9.364583267488030272e-01
9.442040554096555738e-01
9.397435870308140649e-01
9.427884689763059711e-01
9.424412353043881696e-01
9.467414572962328245e-01
9.409722243873481773e-01
9.407585535166609336e-01
9.534989285290751404e-01
9.558226531769474787e-01
