5.420673070077458577e-01
5.370993617539985276e-01
4.855235044199686656e-01
6.641826835803240625e-01
5.907585510713421195e-01
5.724358954108678121e-01
6.244658087181229611e-01
4.889690162629907189e-01
4.941506347754317519e-01
4.952724426666386126e-01
5.793002064570657028e-01
6.483974353784425215e-01
5.651709401391000753e-01
5.511217946266260270e-01
4.597222250050458925e-01
4.798878251582893162e-01
6.113782103818196090e-01
4.692841855188211175e-01
4.956997796319997929e-01
5.004006442574099323e-01
5.393429472883287668e-01
5.942040561483457051e-01
6.036591915748059645e-01
5.055288454501801754e-01
5.053685974711790152e-01
4.953792661619492166e-01
5.860844014737850438e-01
5.647168770018551331e-01
6.123931617436245700e-01
5.065972201016724075e-01
5.646634553041722793e-01
4.888621776436384847e-01
5.556890960528045875e-01
5.764423042344740677e-01
5.736645263993842558e-01
6.059027787011402877e-01
5.798344007478311024e-01
5.610309780662895429e-01
5.688568374826612484e-01
5.793803483566156709e-01
6.026442238949556440e-01
6.255876046692967485e-01
5.697649649511544734e-01
4.863247837170831533e-01
5.211538448770586252e-01
4.770566172674934879e-01
5.883546976579561161e-01
4.692307666071460215e-01
5.218749934186537320e-01
4.717414574458812515e-01
5.934294863070687098e-01
4.914262917720609303e-01
5.202991399022504071e-01
4.865918858374796430e-01
5.780448684007184479e-01
4.760683781475338883e-01
5.155715833330510867e-01
4.884348259522364177e-01
5.020833375871690540e-01
5.089743529151902202e-01
5.497061918752316201e-01
5.617788448197464923e-01
5.358974402213197985e-01
4.774038473574014341e-01
5.108173037759768942e-01
4.959134648307265691e-01
5.520833429968000639e-01
5.498931636381098054e-01
5.398237226674190703e-01
5.111378200320351173e-01
5.178151744393966194e-01
5.197382500856859711e-01
5.801014897341911780e-01
5.791132434502116455e-01
5.103365351629053359e-01
5.057959300585281870e-01
5.634081200338326711e-01
6.055288487074210746e-01
6.452190081437683133e-01
4.778846163684740689e-01
5.753205106713068506e-01
4.872329056135609737e-01
5.080395255428858947e-01
5.833867468321934924e-01
5.919337575761680625e-01
5.955128139123703201e-01
5.178151700613845554e-01
4.960737159937366192e-01
5.092414482695678535e-01
6.300213647863039945e-01
6.251335459100639813e-01
5.709668813098189855e-01
5.087339813446897230e-01
5.158386735134145029e-01
5.630609022819588194e-01
5.400373907520985561e-01
5.112980791550670867e-01
5.106837608748011625e-01
4.927884573037297766e-01
6.074519203736995498e-01
5.933493587355582743e-01
6.056890978804256864e-01
5.144230771300374316e-01
4.958867529868825064e-01
4.858173040561695744e-01
5.548878183476945170e-01
5.928418774826403892e-01
5.715010704265699459e-01
5.210737220815614412e-01
5.076388872873324187e-01
5.616987176462371334e-01
5.594284234520716659e-01
4.936164532207016897e-01
5.129540570589721238e-01
5.533653793649541131e-01
5.966613240953948516e-01
5.253472270555475943e-01
5.192574719205880207e-01
5.481570502026722469e-01
4.752403810365586900e-01
4.975961569664824058e-01
4.598290592463861737e-01
6.230769213925824168e-01
5.660523462117227345e-01
5.608707229232685609e-01
4.986111115122962567e-01
5.441773480488958370e-01
4.930822652979538478e-01
4.900640987783161373e-01
4.686965854504169249e-01
5.147970047357499634e-01
4.824519277446799870e-01
5.646634620701909135e-01
5.704861130947485037e-01
5.055021379843480656e-01
5.136752131625882400e-01
5.553151748151096134e-01
5.303952962987953379e-01
5.055021383823492531e-01
4.989049143325059443e-01
5.701655988286957744e-01
5.310630386647505752e-01
5.065437984039895536e-01
5.101228662822236970e-01
5.522970118774818138e-01
5.449786249580036435e-01
5.106837648548122610e-01
4.923344045145134906e-01
5.691506403028709915e-01
5.600694436261541842e-01
5.141826904354950267e-01
5.041399557366330608e-01
5.535523503318301453e-01
6.197916674785889368e-01
5.596955128364328180e-01
5.219017100385111574e-01
5.073450888451347396e-01
5.587873929299604914e-01
5.530448694769134477e-01
5.070779887147438547e-01
5.171741550613163652e-01
5.459935986078702230e-01
5.244123980912387406e-01
5.093749971407601773e-01
4.976228711983332054e-01
5.591078976439869397e-01
5.666132499583256266e-01
5.118856871834932543e-01
5.177617503537071952e-01
5.689903787918324518e-01
5.590277808185062369e-01
5.142628275590319653e-01
5.104967946839382709e-01
4.932692279068068286e-01
5.413728635439760684e-01
5.908119648090031095e-01
5.694444435210818112e-01
5.116185870531022584e-01
4.976762873240006546e-01
4.796207317939171211e-01
6.314102584798620965e-01
5.689369666461761010e-01
6.109775689422574096e-01
4.897970062099459843e-01
5.326923087048225369e-01
4.888621860016614806e-01
6.389423134840197527e-01
5.959134617199499662e-01
6.264690202939459107e-01
4.782585547202162779e-01
5.146367495927290925e-01
4.948450798312059029e-01
5.711004297830100107e-01
4.880341845126742184e-01
5.114316168822283792e-01
5.688301264348193387e-01
5.914529913511032966e-01
5.038194418685812970e-01
5.110576892765158474e-01
4.822916558856128466e-01
5.731303444466528951e-01
5.776175206893274794e-01
5.880609012057638196e-01
4.787660212470934429e-01
5.202724336304215269e-01
4.943910262459872973e-01
6.215811898756739007e-01
5.512019182181256971e-01
6.222222227857918675e-01
4.898771417414785612e-01
5.255074821985683542e-01
4.899038396552841124e-01
6.299412352247879543e-01
6.186698719254161150e-01
6.153579045755741550e-01
4.818643197162538749e-01
5.193109019762939260e-01
4.811164438087714990e-01
5.045940164858713217e-01
5.625534210290409343e-01
5.821314135518593780e-01
5.846421012065858847e-01
4.805288536903948859e-01
5.049145331399307324e-01
4.867521417765026115e-01
5.261218008768354659e-01
4.815170983823700568e-01
6.190170880852855495e-01
5.939102577061479149e-01
6.300480734461393340e-01
4.749198807005443612e-01
5.211004327314021634e-01
4.973023545442738502e-01
5.137019285884423248e-01
4.857104714068337104e-01
5.815705078152509921e-01
5.948985047861296005e-01
5.630074714302506500e-01
5.245993614960938745e-01
5.154113206280092063e-01
5.896901684598280236e-01
6.168002128027951780e-01
6.110843996015878909e-01
5.296474363113570227e-01
5.227029949076409387e-01
5.247863264929535365e-01
4.833066259534695708e-01
4.920138878604540245e-01
4.804754296047055728e-01
5.466079085301129847e-01
4.752938047242469821e-01
5.228365366148133297e-01
4.786591850157476680e-01
5.712873919938619149e-01
4.914262846080411640e-01
5.704326953770768593e-01
4.835470126480119757e-01
5.197649539695081700e-01
4.899038452272995725e-01
6.067574792979364418e-01
5.705929461420855553e-01
6.173343983375363386e-01
4.836004367337012888e-01
5.267094081092593694e-01
4.888621848076581955e-01
5.027777734889178340e-01
5.261484995866433367e-01
6.126068393803305590e-01
5.658386729530289205e-01
5.649038471727289012e-01
5.150641048661409593e-01
5.151976581153452361e-01
5.616453047045784075e-01
5.681623884468760544e-01
5.378472201494325367e-01
5.036057666198819893e-01
5.390758547199586692e-01
4.772970123200589443e-01
4.987980757131535436e-01
4.854166705766294609e-01
5.876335483203586341e-01
5.638888890449053060e-01
5.294070520048212991e-01
4.887019260826274136e-01
5.239316247021540418e-01
4.833066263514707028e-01
5.735309831002074477e-01
5.781784216499226137e-01
5.134615406998966902e-01
5.059294900737512091e-01
4.879540549511582892e-01
6.247863233821767670e-01
5.938568395904751940e-01
5.897970058851771391e-01
6.257478606083198835e-01
4.930822652979539034e-01
5.263354749315315440e-01
4.986378233561403195e-01
5.388087605595843765e-01
4.847489337826895728e-01
5.495459403142204380e-01
4.877670987103230327e-01
5.253205140177001908e-01
4.839743587673984160e-01
5.253739325313740993e-01
4.829593978535670074e-01
4.793002151398576549e-01
6.357906032672040464e-01
5.489316188499457905e-01
6.365384572846257694e-01
5.768963693617246147e-01
5.023237195056982074e-01
6.255341829716140056e-01
5.913995760214380004e-01
5.124198743102387210e-01
4.844551277784709398e-01
5.029647412717851429e-01
4.826121789076899260e-01
5.686698720878005098e-01
5.747329038368840237e-01
5.300747872067567146e-01
4.747329085396650439e-01
5.184294923216613560e-01
4.684294885040348189e-01
5.075053487641689731e-01
4.819711491815808491e-01
6.423076933775191399e-01
6.086004277707164345e-01
5.752938059914824986e-01
4.871527867980746662e-01
5.258547011444455466e-01
4.780448750935049063e-01
5.187500053937108557e-01
4.706196603007041235e-01
5.700053416956692987e-01
4.913728668903692975e-01
5.255074758305509075e-01
4.954059819858043223e-01
5.814102586422464913e-01
4.934294910098496190e-01
5.107371837664872460e-01
4.986111063382818731e-01
5.617254282960778555e-01
4.869658182192052598e-01
5.152510619029784245e-01
4.750267125538781277e-01
6.590812053754289135e-01
5.905982895603036908e-01
6.371794921847491189e-01
4.712339757949623453e-01
5.842147403611586132e-01
4.821314118866228404e-01
5.391292752236382935e-01
4.866452995751402444e-01
5.178151732453932787e-01
4.815972183918595939e-01
4.871260777402383058e-01
4.782318377023578870e-01
4.977564117115023112e-01
4.744390977594333259e-01
4.814636754906839733e-01
5.419871734662188301e-01
4.965544869948146922e-01
4.786591810357366250e-01
5.654647393772999076e-01
5.758279931182280764e-01
5.154113285880312922e-01
4.888621816236493611e-01
5.573717997305923655e-01
5.762286337617879006e-01
5.052617500958025420e-01
5.134348320400612398e-01
5.542200799617501561e-01
5.325854669014612464e-01
5.344551268200842253e-01
5.071314128004332789e-01
5.297542761247127086e-01
4.726228575484874295e-01
4.829326903877350086e-01
6.468215834540433917e-01
5.811698699576985927e-01
5.669337578563609092e-01
4.732905963324328114e-01
5.544070513266273759e-01
4.956730749521753854e-01
4.707532099678986004e-01
5.152777832988491014e-01
4.932425264109913110e-01
5.873397403261345628e-01
5.201655977970769396e-01
4.784722208148903810e-01
5.187767096755341312e-01
4.880609059085447843e-01
5.095619669136328689e-01
4.979433747183563130e-01
5.744658088805073559e-01
5.734775625965279344e-01
5.931891020005329862e-01
5.105769238474532346e-01
5.059294876857445278e-01
5.010416735855177661e-01
5.523504240231380535e-01
5.840277801403123137e-01
5.810096092426624281e-01
5.128739318754682586e-01
5.181891000551037685e-01
4.926015038489021669e-01
6.231570569241149382e-01
6.189903917634842490e-01
4.714209411898230284e-01
5.362446559831882675e-01
4.831730766842762259e-01
6.590544879595694461e-01
5.881410283792731786e-01
6.061164579298505828e-01
4.819444413177478292e-01
5.143162329386696818e-01
5.021901690425016884e-01
5.278044918185880174e-01
4.884882540179368293e-01
5.807959387699763720e-01
6.020566250205549030e-01
5.903312017679469559e-01
5.008547002306351636e-01
5.028846204662934527e-01
4.926549163925596497e-01
5.914797016029429422e-01
5.707264934212733509e-01
6.071314128736655658e-01
5.129006401373026325e-01
5.165865382768658476e-01
5.693910273954144730e-01
5.585203019535949220e-01
5.152777761348292795e-01
4.954861111493192860e-01
5.102296957475507266e-01
5.935363181604025318e-01
6.248397363238353819e-01
6.233440175429623142e-01
5.129273464091312906e-01
5.104967978679472163e-01
4.974893131731158435e-01
5.735042724503666145e-01
5.713942337972230945e-01
5.869390996825745166e-01
4.926816278384027470e-01
5.056089714296863047e-01
5.361645311976854789e-01
6.128739371227147625e-01
5.224359007472665350e-01
5.166132449466958043e-01
4.931624016254885223e-01
5.882745748624587101e-01
5.854433769216903505e-01
5.584401771680921334e-01
5.136752115705838229e-01
5.018162370587769816e-01
4.863514991429371825e-01
6.027510696783279220e-01
5.958333397204549353e-01
5.861378219774645570e-01
5.252136682343279128e-01
4.932425216349780595e-01
5.419337633105678620e-01
4.618322676382002889e-01
4.961271349054116042e-01
5.207532062235041836e-01
4.829593970575648543e-01
5.153846163461860419e-01
5.039262788959293360e-01
5.463408103897275936e-01
6.510683753901821413e-01
6.427083284490637816e-01
6.310363225161265133e-01
4.771100485172027339e-01
5.513888891850017293e-01
4.938835481770783020e-01
4.910523462562988439e-01
4.617254266308413180e-01
4.999465759461506620e-01
5.127670868880983557e-01
4.883279948949049709e-01
5.804487142520837750e-01
6.031517091278846276e-01
5.865918819307007759e-01
5.111378172460274705e-01
4.874465872302778391e-01
4.837873866065190431e-01
6.442040607619743398e-01
6.147970079929909737e-01
6.479700852790448717e-01
4.793002067818346035e-01
5.281517091724607926e-01
4.926549104225431686e-01
6.517628200479551603e-01
5.935630319942520883e-01
5.906784183258174670e-01
5.106837688348232485e-01
5.116185846650956881e-01
4.884615389900838767e-01
