4.241185916157869662e-01
5.422542716066043322e-01
5.020566205693106632e-01
4.460737141661154648e-01
4.456463620767124878e-01
4.452190227233446818e-01
5.374732937377233455e-01
4.469017076950806411e-01
4.674946531717085185e-01
4.955395300609942710e-01
5.706196623639419041e-01
5.612713643628307603e-01
5.166132473347023746e-01
4.678418836596174857e-01
5.020299135014796299e-01
3.783653916743321410e-01
3.907585517208800319e-01
3.772168759192920939e-01
3.443910235491318139e-01
3.382745728883732594e-01
4.653044873450556396e-01
4.614316261986382561e-01
4.457799189079266200e-01
4.949252121787295344e-01
4.821848292062934638e-01
5.214209358534241945e-01
4.945512821850104324e-01
3.803418782722746694e-01
3.912927400416289503e-01
3.717948738963176014e-01
4.832532082357977599e-01
4.786591969557806858e-01
4.001869597814530777e-01
3.883279916376640162e-01
3.798076979115477814e-01
3.634081127233484976e-01
3.906784189753552683e-01
4.419070486074838100e-01
4.705662409910278954e-01
4.670405960044798910e-01
3.818643184490183584e-01
3.520032001547833689e-01
3.484508596424363835e-01
4.889957328828481442e-01
4.115117435845044858e-01
4.830128251232652659e-01
3.735309849437485896e-01
3.699252175597044223e-01
3.719284231655108908e-01
4.543803417975575965e-01
4.967681578655019359e-01
4.301816249568748418e-01
3.475160227181055550e-01
3.895031973464876396e-01
3.877136801234167818e-01
3.706997858089768894e-01
4.921741418094716103e-01
4.162125974638848369e-01
4.413461607809250897e-01
3.632745666381639871e-01
3.634615348190323170e-01
3.499198824995093937e-01
4.687232945082534519e-01
5.704861142887518444e-01
4.649038459054934957e-01
3.540598230802605717e-01
3.641292700209678435e-01
3.787126018641850389e-01
4.796207174658774774e-01
4.004273500580054490e-01
4.583600423593297002e-01
3.808226437013372823e-01
3.803685889221155025e-01
3.533119726448486486e-01
4.511217961453983794e-01
5.334401678962584770e-01
5.376869685884215766e-01
3.781784119514318143e-01
3.472756419935797423e-01
4.128472291124172799e-01
4.569978636936243843e-01
5.794070494544302230e-01
5.183226485282946827e-01
3.745192352077390541e-01
3.623931653415546350e-01
3.659188079400959581e-01
4.606837606391845363e-01
4.193108967290474220e-01
4.536591908679559193e-01
3.606837545959358793e-01
3.778846147032374758e-01
3.623397504098904154e-01
4.528579123668435846e-01
5.207532062235040726e-01
4.653311892388722337e-01
3.746527765169103130e-01
3.694444545186482687e-01
3.755608924433715967e-01
5.083066260712778561e-01
5.376602515705630747e-01
4.746794836579734111e-01
3.657852570788981961e-01
4.050213772580663618e-01
4.184561997142612899e-01
4.122596171039800694e-01
5.853632529321899369e-01
4.544871772329012183e-01
3.514423171042376781e-01
3.700854631506989012e-01
3.977297065604445958e-01
4.124732903626738834e-01
5.639690126364047540e-01
4.682959376428371678e-01
4.721955150111109001e-01
4.506677278341391091e-01
3.751602629438424152e-01
3.633012844520246976e-01
3.958600438558139700e-01
4.765758506444274234e-01
4.956463654963380039e-01
4.832532026637822997e-01
3.882211474462961553e-01
3.486378238432938370e-01
3.731303474841974332e-01
4.751869740649166118e-01
4.256410325885328083e-01
4.223023454348246442e-01
3.693910220749357376e-01
3.707264972548200421e-01
3.641559766907977447e-01
5.088675142958377640e-01
4.139957273554089046e-01
4.111645290166394684e-01
3.723557688868962545e-01
3.438034055706782333e-01
3.562232878090988430e-01
5.176549157143658375e-01
4.948450873932267458e-01
4.448985060692852711e-01
4.912126101553440094e-01
3.583600458681073242e-01
3.758279941657669543e-01
3.666666639475231748e-01
4.674946539677107271e-01
5.109241463753402268e-01
4.234241477540161003e-01
5.143963724502131907e-01
4.457265011902548091e-01
4.795940179600675091e-01
4.115918842900512242e-01
3.678685858782030915e-01
3.947649589524818703e-01
4.254807686894876984e-01
3.819978573701830471e-01
3.810897501997458359e-01
3.822382540147529206e-01
5.186164545325132602e-01
5.161324739456176758e-01
4.585203038703682399e-01
4.314102503733757144e-01
3.913194355674279867e-01
3.816773486761455003e-01
3.750000093928259615e-01
4.701923030372868739e-01
4.682425227111730592e-01
3.526175275890744976e-01
3.768963540912183552e-01
3.798076915435302237e-01
4.465277761093571773e-01
4.560897461751587390e-01
3.589476451405093083e-01
4.159188026036972352e-01
4.373664538511352062e-01
5.042735050058263502e-01
3.775373945633570538e-01
3.620726566475170882e-01
4.173344057530928852e-01
4.491987169170991168e-01
4.226228573128708033e-01
4.818910148440517793e-01
4.903846166263787776e-01
4.065705193286268671e-01
3.644230736371798507e-01
3.691773583682683713e-01
4.162393216457632161e-01
4.398237257781956178e-01
4.462873969768357263e-01
4.331196595269899419e-01
5.415331159009892925e-01
4.203525722727307068e-01
3.760683725022861967e-01
3.750534219364834998e-01
4.513087555702425258e-01
4.624198716866155245e-01
4.261217916495779745e-01
3.598290631531650963e-01
3.811965792670718445e-01
3.595619566547564316e-01
3.906517123055253671e-01
4.101762851206665617e-01
3.586271324664608851e-01
3.411591937208277581e-01
4.118322578505572706e-01
4.426816200407651114e-01
3.901442254805920773e-01
4.802617515699985629e-01
5.371260728018406594e-01
5.045138857303521629e-01
4.220085473906280971e-01
3.739583314611362175e-01
4.759348276843373138e-01
5.146901633303898604e-01
4.200320540266668790e-01
3.718749947018093471e-01
4.517895297553294887e-01
5.206997912918400750e-01
4.283119590682351041e-01
3.525908113672182043e-01
4.557158042414065635e-01
4.265491469229898414e-01
4.576388858577125074e-01
4.338675163304193672e-01
4.549145285263020977e-01
3.423076895758127569e-01
3.648504273185873559e-01
3.467147406349834204e-01
4.651442361820457005e-01
4.641826917918828177e-01
4.913194487746964656e-01
3.477029964709892340e-01
3.714476545524393325e-01
3.627136708515830699e-01
5.407051275460383888e-01
4.229433739669302694e-01
4.904113201121998444e-01
3.634882422848644823e-01
3.604166775496087105e-01
3.706196657994873522e-01
4.312767106562089281e-01
5.118322615057994129e-01
4.171207149823505933e-01
3.850427305596507144e-01
5.073183662552609441e-01
5.219017044664957528e-01
4.676015037310938260e-01
3.668803364102147802e-01
3.899839723275768111e-01
3.798343998053644310e-01
3.640758423532686194e-01
4.551549148228433150e-01
4.703792688301485780e-01
4.772970151060667021e-01
3.291666675518211127e-01
3.923878225569542022e-01
3.872596173841729161e-01
4.366453005335270143e-01
4.529380407343562842e-01
4.224626077418655035e-01
3.484508516824144086e-01
4.169337595375174343e-01
4.350694450271180846e-01
4.532318355945440524e-01
4.866185901193027519e-01
4.233974319301609390e-01
3.732905867071742434e-01
3.565170898333064886e-01
3.936965743509622806e-01
4.043803415619409702e-01
4.326121723040556866e-01
4.389957127471764142e-01
5.195245696629724463e-01
5.283386821293423186e-01
5.032852547418358302e-01
4.086004308082608616e-01
3.348023432314905512e-01
3.574519251656328445e-01
3.509615373471354771e-01
5.138621793534510207e-01
5.790331202567133850e-01
4.980235010958634634e-01
3.640758574773103051e-01
3.368055432652816150e-01
3.617788371112612422e-01
5.433226530241150876e-01
4.139957265594066960e-01
4.724626119574929506e-01
3.648504352786092197e-01
3.700587676248998648e-01
4.414796957220786799e-01
5.154113214240114704e-01
4.284455051534196146e-01
3.688835491800410149e-01
4.417735021242982230e-01
4.922542697789831778e-01
4.382745745536098525e-01
3.682425254239485302e-01
4.669337621611407418e-01
4.549412423601517652e-01
4.387553415746771046e-01
3.585470148449779182e-01
4.846955160650178174e-01
4.238247816315573457e-01
4.899305467231150901e-01
3.342414546089294558e-01
3.913461501972797518e-01
3.862179466165029385e-01
4.587606782268764949e-01
4.489316215627214279e-01
4.049679535703782363e-01
4.176816274849777799e-01
4.481036399737891585e-01
4.248397441373931160e-01
3.549412387049096229e-01
3.568910246030386757e-01
4.040331206260583952e-01
4.122061997843093906e-01
5.018696571644554183e-01
3.869925164577798227e-01
3.548076830676988314e-01
3.624999960008848943e-01
4.463675209663362509e-01
4.870192339468716325e-01
3.779647426727490434e-01
3.655181657045315502e-01
4.299145391545233785e-01
4.338942285722646730e-01
3.873130378878524294e-01
3.846688101179579489e-01
3.733440127828691613e-01
4.329861150338099041e-01
4.452457270051679017e-01
4.577991529407664517e-01
4.994925271369453634e-01
5.289796995174171901e-01
3.794337695098331520e-01
3.760416602604408909e-01
3.622062075087147393e-01
4.537393188374674868e-01
5.005074792947523665e-01
5.229166685643359402e-01
3.672275716741370544e-01
3.381143141633424776e-01
3.961538506560345341e-01
4.123931623931623713e-01
5.146901685044041885e-01
4.197916613621079929e-01
4.144230897928404822e-01
4.265758512048131168e-01
3.920138893792261547e-01
3.977831222881109685e-01
3.703525624850876885e-01
3.724893181560894884e-01
4.556891055315986927e-01
4.741452977252311740e-01
4.177617474944672615e-01
5.204593982292801124e-01
4.751068429113962654e-01
3.800480770440692879e-01
3.417735044390727284e-01
4.639690165431835656e-01
5.272435900619906191e-01
4.107906006149247280e-01
3.629006461964712216e-01
3.492788388433619717e-01
3.940705138967078303e-01
4.327457271452643250e-01
5.022168765083336872e-01
4.489850412703987326e-01
3.803685913101220728e-01
5.225961519102765296e-01
4.168002130543319583e-01
4.411859008618909117e-01
3.817307628118074558e-01
4.606303313794808396e-01
4.461805551734745467e-01
4.102029901984919347e-01
3.517895213240741503e-01
3.670138880674145287e-01
3.760416729964761173e-01
4.482371757109450683e-01
4.096420967999177543e-01
4.242788459628056286e-01
4.801549201146659840e-01
4.421741487378748614e-01
4.259081199828885778e-01
4.029647392085474733e-01
3.579594004485341929e-01
3.652777698559638853e-01
3.912126009280865180e-01
4.673878241043825099e-01
4.762019286107303517e-01
4.085202964707316808e-01
3.331196630357676769e-01
3.519230809412959848e-01
3.714476473884195107e-01
4.388888812918438909e-01
4.228899550552550624e-01
5.151442260696338371e-01
3.334935882534735829e-01
3.456463600134748182e-01
3.642628248621765374e-01
4.451923108795005080e-01
4.226495854747601144e-01
4.973824717677556295e-01
3.403311985998581091e-01
3.502136725836839659e-01
3.770566148062547418e-01
4.347489311590663208e-01
4.191773538278718014e-01
4.635683810736378474e-01
3.834935884890902646e-01
4.876335550131450924e-01
4.345886704440299897e-01
4.510149662820702177e-01
3.702457294377505814e-01
4.860576919447152644e-01
4.900106842446531052e-01
4.221420879037971474e-01
3.651442325268036693e-01
3.782051329493013592e-01
3.928418765401737733e-01
4.604433723526377142e-01
4.557425260352783170e-01
4.201388894620103898e-01
3.534188048961835471e-01
3.788194404835374951e-01
3.500801161504708547e-01
4.315705094964076283e-01
4.508012882473631522e-01
5.007745754451324860e-01
3.502136733796862300e-01
3.919604784275730891e-01
3.631143130871474778e-01
5.300480749649114642e-01
5.023504225935182532e-01
4.856036315934780800e-01
3.567307670720112345e-01
3.528044949739407299e-01
3.798076891555235979e-01
4.827991450985527622e-01
5.268963707181123501e-01
4.585737060659970665e-01
3.308760703374178380e-01
3.790064015003861142e-01
3.579593964685233165e-01
4.914797003357074257e-01
5.088942277316863549e-01
4.637820519443252021e-01
3.836271345742747196e-01
3.599091919186787059e-01
3.584401738376189472e-01
4.426014928672558635e-01
4.482905986026310963e-01
4.825053410843396229e-01
3.634081222753749452e-01
3.774572514698036896e-01
3.770299121164359391e-01
4.671207347200212467e-01
4.307692274132856047e-01
5.213141051940938242e-01
3.485576950777800609e-01
3.590277747020252930e-01
3.896367450236764562e-01
4.786324735699045707e-01
5.194444416934609343e-01
4.447382509262642891e-01
3.547008524083683501e-01
3.676816320253742387e-01
3.604967903950785368e-01
5.009882542758414825e-01
4.803151720736780206e-01
5.765758550956717743e-01
3.740117400247826573e-01
3.844551288992421045e-01
3.803151716024447682e-01
4.648504293818249700e-01
5.036858981714034122e-01
4.801816212124803696e-01
3.470886762007179827e-01
3.689903893913978328e-01
3.682425118919111506e-01
4.625801212576210464e-01
4.041666619352295431e-01
4.951121723995758894e-01
3.703258502432424382e-01
3.522435960033510338e-01
3.814369603895987892e-01
4.741185906574002518e-01
4.475694480710303846e-01
4.658119681999724482e-01
3.696046977216362328e-01
3.651442333228058224e-01
3.652243708443438375e-01
4.960737140037310144e-01
4.039796989283755413e-01
4.642361154795712208e-01
3.489583341293354679e-01
3.620192345518332688e-01
3.788461563073926008e-01
5.104166619384136183e-01
