4.607905928905193238e-01
4.694978635535280720e-01
4.767895302711389061e-01
4.809829040916047682e-01
4.673076873788467034e-01
4.628739264658374153e-01
5.877403829596999918e-01
5.727831203267614857e-01
4.962873964164501994e-01
5.429754297002258312e-01
5.205128254989782599e-01
4.755609040586357694e-01
5.228365397988221641e-01
5.318910226416893039e-01
5.327724279183098099e-01
4.753205121900790364e-01
4.689903811066069017e-01
5.697916708249821660e-01
4.735309838229774249e-01
4.708333299773880265e-01
5.562232943235808635e-01
4.924946528915156718e-01
4.564636729848690067e-01
4.733707246999455109e-01
4.981837514628711938e-01
4.513621768699243031e-01
4.844551285744732039e-01
5.780982785563691939e-01
4.852029885619114635e-01
4.854166650046140008e-01
4.428418751837860934e-01
5.189636810404112399e-01
5.165865374808636945e-01
5.722489296180061080e-01
5.171207234136059316e-01
4.889155969533146573e-01
4.896901723666067796e-01
4.822115358761233095e-01
5.219017179985332433e-01
5.049679516536048629e-01
4.688835424872545010e-01
4.926549144025541560e-01
4.715811987208504696e-01
4.869658102591832849e-01
5.206196569543108943e-01
4.967681618455128123e-01
5.126869617045944905e-01
5.216613197619589526e-01
5.106303371871129260e-01
5.213141043980916711e-01
5.183760658479653616e-01
5.362980800688775807e-01
5.346687964967682394e-01
5.286858887371853610e-01
5.422008534909313893e-01
5.434829033911228180e-01
5.027510831371331257e-01
4.938034182175611853e-01
5.055822583918387902e-01
5.097756346003112782e-01
5.523504323811612160e-01
5.354700809678969442e-01
5.290064037992403545e-01
5.327190105986391311e-01
5.399572663645968440e-01
5.513621813211685430e-01
5.331730781138961373e-01
5.230235095716949667e-01
5.402777798346474203e-01
5.658653836028697537e-01
5.276709437433980687e-01
5.337606845503179986e-01
5.475160268445808942e-01
5.342414483873763054e-01
5.521367455904300225e-01
5.325320519697971378e-01
5.198450831330230226e-01
5.362713702150390116e-01
5.396901797662433387e-01
5.409722225024150566e-01
5.675480829026454677e-01
5.467681628771318136e-01
5.468749991084775885e-01
5.533920920048004399e-01
5.156517124965659393e-01
5.641025706616222823e-01
5.620726512219661464e-01
5.467681700411515244e-01
5.674679517491250103e-01
5.736378189335521460e-01
5.863782090700080385e-01
5.481036253209806697e-01
5.900908134814001338e-01
5.497863222327497024e-01
5.733440137253358326e-01
5.602564042450016712e-01
5.400640954319227971e-01
5.646367494303445866e-01
5.961271369686493848e-01
6.031517099238868918e-01
6.033386693487310382e-01
6.091346152954631998e-01
5.954059780790255108e-01
6.064102595560570963e-01
6.063301236265234984e-01
6.039797090248674172e-01
5.946047015679187808e-01
6.276442224207596787e-01
6.422275590399900702e-01
5.742788490576621330e-01
6.299145297489614492e-01
6.296741434524202319e-01
6.379273537641917402e-01
6.372596153782473793e-01
6.343749949437940128e-01
6.534455169597241930e-01
6.309561973326226481e-01
6.392361103342130146e-01
6.429754357434744882e-01
6.484508530961142769e-01
6.561965722049403205e-01
6.564369600934860660e-01
6.657852608806047456e-01
6.525641005390729887e-01
6.573984989116333777e-01
6.618322741526823094e-01
6.731570468117028527e-01
6.556089824845647840e-01
6.755074757413986886e-01
6.692841920333031380e-01
6.781249984334676295e-01
6.855502088482563483e-01
6.860843979650073088e-01
6.752403756110076927e-01
6.758012785616083207e-01
6.723023394488879534e-01
6.528311958934506221e-01
6.709134572973618482e-01
6.491453045199060412e-01
6.803685927238218856e-01
6.666933783990705020e-01
6.853632470354056316e-01
6.921474352861061163e-01
6.646367522895845203e-01
6.599091869643609609e-01
6.920406054227780102e-01
6.919337596394057321e-01
7.224091926318967349e-01
6.985843930488978559e-01
6.326388823043587184e-01
7.008279905232609464e-01
7.015224403550480714e-01
6.955128195576179007e-01
6.951923060875672133e-01
7.169604716010582468e-01
7.133546978489965218e-01
6.930021410569164875e-01
6.861912389723663352e-01
7.282852601801228509e-01
7.106036330517538913e-01
7.041132492132675669e-01
6.944711567499698424e-01
7.048076990450549140e-01
7.015758568787165972e-01
7.095886808939467771e-01
7.119925199792935810e-01
7.147435895525492411e-01
7.055555558484843948e-01
7.028311937410606225e-01
7.229166615467804702e-01
7.328792690721330771e-01
7.373931651186740321e-01
7.338408110742895563e-01
7.351228665464963896e-01
7.393429565888183230e-01
7.329594042056646330e-01
7.580662353808045317e-01
7.294337655871341308e-01
7.457799127596056454e-01
7.484775610331797502e-01
7.349358983656278932e-01
7.699519237264608185e-01
7.521634619587507231e-01
7.760683775712282628e-01
7.669337635748406656e-01
7.709134705046302161e-01
7.816506375232312731e-01
7.537660372690258015e-01
7.550213629873389065e-01
7.689102625108173994e-01
7.726762842418800625e-01
7.552617460998714005e-01
7.746794954197019356e-01
7.843749980386505172e-01
7.698717949609470423e-01
7.932692273305012032e-01
7.946581206260582286e-01
7.858707275655533175e-01
7.809561876914439260e-01
8.034989286182272483e-01
8.054754307382128165e-01
7.913194454123829713e-01
8.080662459644495366e-01
8.094818419498255313e-01
8.033653769610273887e-01
8.121527747975454403e-01
8.155181574770526964e-01
8.326656050406968657e-01
8.240117572693743675e-01
8.352831261407615004e-01
8.459401691698619219e-01
8.370192355961879604e-01
8.320512903424409634e-01
8.421207229551086471e-01
8.602297061528915156e-01
8.612980748343672666e-01
8.633546945758354685e-01
8.591880337932171763e-01
8.646367468640334675e-01
8.784989341456663769e-01
8.681623838905594415e-01
8.785256352434810401e-01
8.833333277422138474e-01
8.960470064328266426e-01
8.893696544134718218e-01
8.895566273703534588e-01
8.918269227585221559e-01
9.058226489613198096e-01
9.022168783932669189e-01
9.066506408982807352e-01
9.143963711511374770e-01
9.128739277903848981e-01
9.171474375403843027e-01
9.287393135138046762e-01
9.388621785701849465e-01
9.358974381262420428e-01
9.403579049130790235e-01
9.497062009241845626e-01
9.452991395169851874e-01
9.463408071006464972e-01
9.493322772984830182e-01
9.585202966745082209e-01
9.535256344029027220e-01
9.551816294208549385e-01
9.732371801749254425e-01
9.621260736105787803e-01
9.623931594129301326e-01
9.773504292098883495e-01
9.686164558570609096e-01
9.801549200828256758e-01
9.683493573186743308e-01
9.783119616600183255e-01
9.697382426542093814e-01
9.720352566522409976e-01
9.736645266923130704e-01
9.716613186984996986e-01
9.670138964668297810e-01
9.680288454406280607e-01
9.758814119248306884e-01
9.633279955412588080e-01
9.665064243679373224e-01
9.745993628206415238e-01
9.654914515140728959e-01
9.694444366499909149e-01
9.507478621398282037e-01
9.658653846918008323e-01
9.605769275600073431e-01
9.593749960773011454e-01
9.510416665520422530e-01
9.521901639990317801e-01
9.637820479324739065e-01
9.653846073227050351e-01
9.758279906251491331e-01
9.544871779970633963e-01
9.589476463759046831e-01
9.646901686349484972e-01
9.553151778940460748e-01
9.569444351980826990e-01
9.613782072551229074e-01
9.600427352592475483e-01
9.577190153873883505e-01
9.468215844697420724e-01
9.535790572945889165e-01
9.497596190398573945e-01
9.494390944257761200e-01
9.507745775656820664e-01
9.496527748484895337e-01
9.403312038152646934e-01
9.376068353398232524e-01
9.358707354364231845e-01
9.380608925070517135e-01
9.367521375290348562e-01
9.306623943341083560e-01
9.408119668563206250e-01
9.439102509974414135e-01
9.490651644320569069e-01
9.624198589187401565e-01
9.523771353639087778e-01
9.487446589220283055e-01
9.415598348037810261e-01
9.513888906719337735e-01
9.377670976468640562e-01
9.417467966166316318e-01
9.629273501216853992e-01
9.482905858347557837e-01
9.383012819876017652e-01
9.325320474867127007e-01
9.488247924635551112e-01
9.461805559376366137e-01
9.397703008646638434e-01
9.466346131048650747e-01
9.404647315923982953e-01
9.489049100850381890e-01
9.505875982407829827e-01
9.412393149657126701e-01
9.518162340053124559e-01
9.538194388151168823e-01
9.434561954222173696e-01
9.367254300632028574e-01
9.399305504356694208e-01
9.459401728251040087e-01
9.572916720540095570e-01
9.663728615667065425e-01
9.556089711622294258e-01
9.691773603996660658e-01
9.572382571223454484e-01
9.673076961030306897e-01
9.452724352351619119e-01
9.561431570949716630e-01
9.605234967082992847e-01
9.472756400449662273e-01
9.498931722890617824e-01
9.559829011559485279e-01
9.626335425254626266e-01
9.412660272075579204e-01
9.654380477264395966e-01
9.557425244114338136e-01
9.652777726833636773e-01
9.754273547576023384e-01
9.488782058032150246e-01
9.650106852890080189e-01
9.557158233136193726e-01
9.599358974358973562e-01
9.589209357260638500e-01
9.505608987349728478e-01
9.587606861550583837e-01
9.651175183363449595e-01
9.553151747100372404e-01
9.586538483317080805e-01
9.512286395089237789e-01
9.494925173174622035e-01
9.527510573976060160e-01
9.519765090483884862e-01
9.545940237804354522e-01
9.610309895032490557e-01
9.600694443170840753e-01
9.569711569919545635e-01
9.480502122742496818e-01
9.638621782899920998e-01
9.522970129664126704e-01
9.625801339618161867e-01
9.625000067883067167e-01
9.545673067625770614e-01
9.526175280284676639e-01
9.616987143571559260e-01
9.580929501571207041e-01
9.537126073597841369e-01
9.677350553564535440e-01
9.433226485410307616e-01
9.602564140899568779e-01
9.587339739132130223e-01
9.489850324825344074e-01
9.455395194455089580e-01
9.499198733868762234e-01
9.477029849703495490e-01
9.458600488356035951e-01
9.591613267986184299e-01
9.538995723566436880e-01
9.621527715243843870e-01
9.598290580205428579e-01
9.538194419991254946e-01
9.664262796823794854e-01
9.674145275583633241e-01
9.635950893036319131e-01
9.527777760074689350e-01
9.642628157495433117e-01
9.565972126701958178e-01
9.591079070909409587e-01
9.503205172144448820e-01
9.640491464708604852e-01
9.528044850653052400e-01
9.481837559714276775e-01
9.637820479324739065e-01
9.494925220934753440e-01
9.451923064696482468e-01
9.550480777636553009e-01
9.479967957505812670e-01
9.501068399757401917e-01
9.580929421970986182e-01
9.577190233474104364e-01
9.642628221175609804e-01
9.586004302160351376e-01
9.555288471727290123e-01
9.633012832994134467e-01
9.586805510215269388e-01
9.552884640601964072e-01
9.384882390244393413e-01
9.565438009225404326e-01
9.656249952112507806e-01
9.616987159491603432e-01
9.519764915363401192e-01
9.419871829131728491e-01
9.638888841638197924e-01
9.715811931169948679e-01
9.590277719574096249e-01
9.560897501233296403e-01
9.536591908361158332e-01
9.343749995415027154e-01
9.485042646654650023e-01
9.611912454422721908e-01
9.512553437907471654e-01
9.556623956459200375e-01
9.564636801170486313e-01
9.699252140190866012e-01
9.614583407966498241e-01
9.585470073243491651e-01
9.459935925327813688e-01
9.537393164176207749e-01
9.577457244452247664e-01
9.638621766979877936e-01
9.529113276646686836e-01
9.589743602097543507e-01
9.571314033789510844e-01
9.573183747438284152e-01
9.548076978351316413e-01
9.614049131289506001e-01
9.612446571899274650e-01
9.588408181045808831e-01
9.418002195083177153e-01
9.517895233554717338e-01
9.588675160183866009e-01
9.531784166510288703e-01
9.602564093139436263e-01
9.613514902372644055e-01
9.595886733160058357e-01
9.684294844921836898e-01
9.611912374822502159e-01
9.566506371538863185e-01
9.463675209344960537e-01
9.605769259680030370e-01
9.619925235453834489e-01
9.697382458382182158e-01
9.579059772002389561e-01
9.661057773563596074e-01
9.540865389455078782e-01
9.567841951791037358e-01
9.532051320768828440e-01
9.613514950132776571e-01
9.496794854983305889e-01
9.667200888706067863e-01
9.423076916072102849e-01
9.411858920740265866e-01
9.484508465497920593e-01
9.616987127651515088e-01
9.518696568969988725e-01
9.564636737490310736e-01
9.577991457449065438e-01
9.559829059319617794e-01
9.477831296559071639e-01
9.586538451476993572e-01
9.515224264090894613e-01
9.558493479067443621e-01
9.452991427009940217e-01
9.377403933650405587e-01
9.513354677802476900e-01
9.395299145681226261e-01
9.420673069026733737e-01
9.530181623040101524e-01
9.595886733160058357e-01
9.476228593888444962e-01
9.464476576600318047e-01
9.464476465160009955e-01
9.431356692161314559e-01
9.385683821179928721e-01
9.459134605832588694e-01
9.463140980428099702e-01
9.585470105083577774e-01
9.578792808784377666e-01
9.420405930688238172e-01
9.551549060349791009e-01
9.527510589896102111e-01
9.521634565331997813e-01
9.574252189351961650e-01
9.580128197996025108e-01
9.571046990971279200e-01
9.655982893374230880e-01
9.680021411588048963e-01
9.680555481304471410e-01
9.608974346620404727e-01
9.748664486229928761e-01
