6.808226490950481935e-01
6.893162385393410974e-01
7.359775647552858624e-01
7.298076900088378283e-01
7.927350485617787879e-01
6.780715779297881163e-01
6.911324743722748742e-01
7.080929529590482829e-01
6.752403819790253614e-01
6.821046997912417753e-01
8.426014995282020692e-01
7.011217941394728426e-01
7.208600457853230337e-01
6.734775634657623744e-01
7.899038470390006283e-01
6.866452961395949073e-01
7.747863260790324169e-01
6.762286322430157703e-01
7.104433755207264500e-01
6.772970096805156492e-01
6.965010666375994752e-01
6.814102531434632626e-01
6.593215829159458918e-01
7.463942298458682290e-01
6.427884596025843500e-01
6.508547017334873619e-01
7.528846144803568174e-01
6.814102523474612205e-01
6.817841887091979913e-01
6.530448691521445470e-01
6.883814135550434532e-01
6.997061965620924306e-01
7.089209441000070555e-01
6.903846135888344060e-01
8.297008542487254168e-01
6.768963682409534499e-01
7.017895293414083691e-01
7.265758573945261256e-01
7.796474366934380562e-01
6.908920968317577849e-01
7.165865384233303104e-01
7.041933787747834961e-01
7.078258560126664545e-01
7.100961537888416109e-01
7.160256402487428229e-01
7.012553457966727022e-01
7.388087634920563751e-01
8.646367524360488721e-01
6.944711519739565908e-01
7.120726535208203867e-01
7.079861111556872144e-01
6.863247870475561729e-01
6.887019174730675264e-01
6.689102572635707844e-01
6.900640993227815656e-01
7.162927348071183031e-01
6.948985080433706107e-01
6.888354671402620033e-01
6.960202972285258749e-01
6.837873915289967020e-01
6.873130285555225649e-01
7.007211562819204431e-01
6.646901704052574633e-01
6.737179473742970215e-01
6.714743483079294029e-01
6.611111104870452948e-01
6.420406012071503410e-01
6.785790631627169889e-01
7.165331254816718065e-01
8.635950860463910139e-01
8.405181599828677186e-01
6.426282032655600274e-01
6.593482883917725079e-01
6.494925198837732117e-01
7.544604711807690878e-01
8.358440191413346598e-01
8.276976514289267062e-01
6.532852598266978283e-01
6.733707292244219822e-01
6.637019253152812714e-01
6.200587636289688342e-01
7.602029906538052551e-01
8.202190129484376868e-01
6.421741468943336084e-01
6.818643138927016345e-01
6.608974360343481402e-01
7.231570514253315984e-01
7.371260665802873424e-01
8.694978598664457881e-01
8.538995722834115121e-01
6.829861130278843673e-01
6.587606847413582933e-01
6.564636779073466100e-01
7.226762796282512058e-01
8.263621806270544656e-01
8.317040594565308087e-01
6.668002110484063660e-01
6.597222171914882693e-01
6.807425207275356049e-01
6.329861131902688731e-01
7.350694484308233356e-01
8.069711554891023653e-01
8.391292742493313694e-01
6.288461539034659875e-01
6.587339717035110009e-01
6.448985062157496229e-01
7.366452983652169717e-01
8.096955144125171921e-01
8.438034170808699219e-01
6.440972237346264118e-01
6.543803467200353108e-01
6.380609014413805014e-01
7.552083327602117091e-01
8.356303438926353522e-01
6.529380337168009252e-01
6.704594061001498684e-01
6.440438052209525033e-01
6.776442334024059821e-01
7.672275655990482557e-01
8.437232907033627161e-01
8.470619627330292500e-01
6.442574776836440531e-01
6.492254304994119485e-01
6.821047025772495331e-01
6.756944455142714911e-01
7.668002162956528700e-01
8.422809808841373869e-01
8.438835442543792809e-01
7.114583340465512329e-01
6.270299117025146529e-01
6.447649589365618272e-01
7.303952956492574256e-01
8.293269258470106209e-01
8.188301300009092065e-01
6.735042713295955608e-01
6.536057653367264297e-01
6.478899565135312066e-01
6.500801239321882807e-01
6.631677393825390343e-01
8.322649600191247554e-01
8.304487154301669616e-01
6.459134607615634183e-01
6.649839728274660189e-01
6.505341882634365636e-01
6.503205150047428607e-01
7.259348280664182917e-01
8.305822662913645571e-01
8.299145283034213838e-01
6.413995754610524180e-01
6.579861133080771030e-01
6.518429500074722771e-01
6.399038463321506942e-01
7.291399548069025238e-01
7.315438022502722681e-01
8.416933788257277005e-01
8.403044863261728281e-01
6.744390998959031158e-01
6.433493645431903607e-01
6.864316272589130463e-01
7.649305579690341972e-01
8.365384610130999210e-01
6.448717935759031850e-01
6.588675201767020262e-01
6.575053466850111494e-01
6.406784205514395314e-01
8.397970082572636663e-01
8.171474354771467441e-01
6.591079060752421670e-01
6.440170921831049888e-01
6.651976488721675906e-01
6.423611122891942360e-01
7.946581194320551100e-01
7.318643185063304912e-01
6.499198731671795848e-01
6.405982878059148788e-01
6.724091872222657251e-01
7.616453000750297297e-01
6.822115392065964956e-01
6.776976503240756955e-01
6.333600475620001502e-01
6.338942307087346295e-01
6.716880319146518730e-01
6.320245783521324379e-01
6.338141027392230065e-01
6.670138886851122439e-01
6.740117486025023474e-01
6.460470068467477622e-01
6.495726482512859112e-01
6.739850411366702376e-01
6.431891030321517100e-01
6.290064122304956928e-01
6.278311969696455108e-01
6.405715815340859987e-01
6.332799168064807693e-01
6.454059854786620143e-01
6.513621798023963017e-01
6.301282042016586038e-01
6.302083349571777626e-01
6.787126100439035969e-01
6.224091881806523840e-01
6.288728661453113489e-01
6.564102621796803483e-01
6.613514963855855466e-01
6.333600443779912048e-01
6.290064162105067913e-01
6.398237187606401477e-01
6.386217992179669123e-01
6.325320500530238199e-01
6.537393177899285535e-01
6.345085489890004427e-01
6.371527767588949231e-01
6.597489334133445071e-01
6.531250022956703871e-01
6.561164502054452896e-01
6.450854700186058333e-01
6.391826858505225140e-01
6.450320471269196387e-01
6.369390979281857046e-01
6.395833336581022710e-01
6.454594024003317276e-01
6.408653827622914356e-01
6.576388951582021747e-01
6.342414452765997579e-01
6.383279920197449941e-01
6.402777723458586978e-01
6.418269207844367052e-01
6.295138895034027016e-01
6.371260680990596947e-01
6.374999968987753451e-01
6.364049159754544549e-01
6.308760693631111360e-01
6.372061972625744364e-01
6.443108950033147320e-01
6.619123913761641997e-01
6.371527755648915825e-01
6.390491421533445182e-01
6.326655981282138796e-01
6.560096147701016678e-01
6.444711493503332278e-01
6.641292742206754696e-01
6.324519220835123079e-01
6.464209368404669753e-01
6.420405940431305192e-01
6.585203008328237573e-01
6.455662374376740509e-01
6.453258559171460851e-01
6.569711512002425202e-01
6.453525641789802370e-01
6.451655999781229500e-01
6.403311964315481220e-01
6.452991460633072940e-01
6.454326953325008054e-01
6.639690222616633219e-01
6.581196593932616690e-01
6.450854700186059443e-01
6.486645267528091674e-01
6.591079048812389374e-01
6.396100423179376104e-01
6.534455149697188103e-01
6.418002133186047065e-01
6.510950852440208214e-01
6.567307656997034560e-01
6.693910242846379255e-01
6.424679449385302110e-01
6.399839754956654359e-01
6.807692273973655617e-01
6.466079038273320201e-01
6.451121770864368665e-01
6.431891034301530086e-01
6.434829090363703985e-01
6.602564106862514048e-01
6.415064101003938868e-01
6.453792752268222577e-01
6.584134634074747527e-01
6.734241441560862018e-01
6.478632506397035140e-01
6.596153857361557460e-01
6.480235022007144741e-01
6.395566265902712377e-01
6.405448732722519578e-01
6.481837601297431029e-01
6.452190216758056929e-01
6.439102523697490810e-01
6.469551283452246171e-01
6.575320493748300077e-01
6.534188039218766786e-01
6.634615410087454368e-01
6.669604689774349948e-01
6.538194421774302656e-01
6.494391049521092141e-01
6.598824787025268090e-01
6.464209424124823800e-01
6.603365394517651810e-01
6.562499970866320087e-01
6.591079060752422780e-01
6.670138874911090143e-01
6.494925206797754758e-01
6.478098289420206601e-01
6.561164486134408724e-01
6.677884640984046438e-01
6.576923096918650957e-01
6.506944442024598096e-01
6.476228659351667138e-01
6.658386778022743480e-01
6.607638831831450510e-01
6.426282084395742444e-01
6.552350421428170257e-01
6.662126097859989438e-01
6.508279926756508349e-01
6.632478617800351417e-01
6.693108967131273790e-01
6.610576931673747270e-01
6.455662370396730854e-01
6.501869673275539885e-01
6.638888919041452397e-01
6.461805545239366344e-01
6.695512849996740901e-01
6.579861133080771030e-01
6.640491454551615824e-01
6.462606876674625855e-01
6.454059830906555550e-01
6.543803391580143014e-01
6.630341897153446684e-01
6.383547030675869038e-01
6.377670922531533115e-01
6.509348293049976864e-01
6.361912391347508411e-01
6.382745715160654809e-01
6.490117536587083347e-01
6.529380309307931674e-01
6.454594016043293525e-01
6.506677307666112187e-01
6.489850465908774124e-01
6.576655958580154282e-01
6.591346147350776175e-01
6.515224381294260070e-01
6.606303446599816054e-01
6.489049130493503847e-01
6.770299151221401690e-01
6.480235010067112444e-01
6.553418783741629117e-01
6.509348281109943457e-01
6.479433786092150260e-01
6.532852554486856533e-01
6.463408168309773272e-01
6.712606834072587514e-01
6.521100417798399995e-01
6.647970078306064678e-01
6.538461599912908095e-01
6.532318381290149745e-01
6.474358981522994050e-01
6.516559806326006621e-01
6.435630362098798685e-01
6.653044862975167062e-01
6.573450919399913550e-01
6.450854720086114380e-01
6.680021353670928530e-01
6.573183793001449171e-01
6.579059765825413519e-01
6.613782022594131282e-01
6.530982924418317070e-01
6.574519222013206488e-01
6.521634575075063722e-01
6.497863191219730439e-01
6.453792716448123468e-01
6.442574788776472827e-01
6.494925174957666414e-01
6.566773543500493693e-01
6.572916674563008543e-01
6.538995721369471603e-01
6.541132505696553023e-01
6.521634590995107894e-01
6.645299100882222643e-01
6.524572639097259152e-01
6.590010678538910094e-01
6.497329045883100118e-01
6.662126141640111188e-01
6.712339739514211479e-01
6.492788486150848914e-01
6.514957270815840973e-01
6.665064078301954353e-01
6.559562018284430529e-01
6.547542783057588300e-01
6.619925165596680650e-01
6.641826903463428078e-01
6.475427359756495971e-01
6.425747867418913906e-01
6.748664543733127186e-01
6.482638912832634492e-01
6.482905987490954480e-01
6.537126051500822266e-01
6.569711515982434857e-01
6.463141029971276597e-01
6.558493580350762686e-01
6.602564075022425705e-01
6.514423073739067371e-01
6.728632463794996799e-01
6.553418787721639882e-01
6.471688071759338357e-01
6.518963673271430670e-01
6.505876055831073534e-01
6.416399589715858776e-01
6.496260715409730713e-01
6.454059811006499503e-01
6.599893213018901417e-01
6.548878204109321866e-01
6.507745713759690576e-01
6.516292751567740460e-01
6.549412413126128873e-01
6.565705141386924959e-01
6.631944444603645739e-01
6.503472248585814297e-01
6.427350398949068788e-01
6.559561970524299124e-01
6.631677358005291234e-01
6.531250014996681230e-01
6.444444470585156681e-01
6.597222215695004444e-01
6.472222260876089317e-01
6.492521351792364115e-01
6.631944420723578926e-01
6.455662362436708213e-01
6.449519215454148080e-01
6.430021372392900059e-01
6.523237190185449119e-01
6.431089746646392324e-01
6.536324791705760973e-01
6.494123875362496356e-01
6.449519195554093143e-01
6.468482877358666672e-01
6.490117516687027299e-01
6.655982903117296789e-01
6.500267066125176019e-01
6.756944443202681505e-01
6.492254249273967659e-01
6.639156025539859618e-01
6.563835459578241105e-01
6.522168803991925667e-01
6.775908132967276565e-01
6.588675229627097840e-01
6.471688039919250013e-01
6.518963693171485607e-01
6.741987151913663157e-01
6.456463681931934318e-01
6.454861170301833262e-01
6.463675199187973730e-01
6.525106836174033864e-01
6.562767125124859824e-01
6.475160253258087639e-01
6.504273508380875590e-01
6.452724330254600016e-01
6.576121805283503541e-01
6.598023471510052751e-01
6.483707231365971602e-01
6.459401698193998342e-01
6.474626103941445443e-01
6.537393134119163784e-01
6.750534173801667759e-01
6.661057675846366877e-01
6.453525661689857307e-01
6.678418774380642242e-01
6.502403842492235908e-01
6.762820479706821430e-01
6.487713673621671173e-01
6.524839721715602892e-01
6.646100400477392700e-01
6.480502160345642526e-01
6.561698703111236153e-01
6.457799130843744351e-01
6.596420987740031494e-01
6.642361088600168273e-01
6.453792724408144998e-01
6.470085468588985256e-01
6.448985046237452057e-01
6.476762800708284473e-01
6.625801293641073730e-01
6.484241440382777499e-01
6.434027754948434819e-01
6.629540589598255096e-01
6.631143168888540274e-01
6.599358952261953348e-01
6.626602545476112383e-01
6.487179448684821104e-01
6.619123945601730341e-01
6.432692317976655971e-01
6.508012784438000908e-01
6.459668776832329096e-01
6.693376057709639060e-01
6.496260695509676886e-01
6.416132447397351335e-01
6.568643185509066562e-01
6.497863262859928657e-01
6.489583331550288214e-01
6.397703010429682813e-01
6.648771425661368362e-01
6.429487191236171739e-01
6.382478624582290649e-01
6.464743537621365777e-01
6.452991452673051409e-01
6.600160267777167578e-01
