7.295138903726370305e-01
7.701388799672962415e-01
7.656784195484767075e-01
7.116720128772605625e-01
6.065972261449210645e-01
6.120993573314104097e-01
6.255608983974680903e-01
7.193108941627363029e-01
7.201121794298672718e-01
7.199519147348198977e-01
5.998931602917165762e-01
6.132211552725896908e-01
6.244658142901383657e-01
6.908920936477490615e-01
7.013354681941688096e-01
7.604967962600226450e-01
6.964209378720858101e-01
6.974358995819194273e-01
6.952991431149152524e-01
6.691506435601120018e-01
6.135683801884834754e-01
6.364316298093041224e-01
6.908119624942286041e-01
6.939102569833779377e-01
7.077724371009912474e-01
7.114850431043877599e-01
6.102564044806182419e-01
5.940705028991413172e-01
7.259882493660999581e-01
6.530448826841819265e-01
7.409989293187092541e-01
6.645566267080795786e-01
7.565170901262352476e-01
8.813034178545842146e-01
7.250267129359592166e-01
7.486378209522136506e-01
6.290064154145045272e-01
6.424145272208585666e-01
7.365117566580446917e-01
7.691239286054912805e-01
8.176282032942159272e-01
7.544604743647778111e-01
6.272435921252282887e-01
6.038995754833405005e-01
7.138888997017828197e-01
7.577724373366078181e-01
8.377937974774429808e-01
7.614583310981591913e-01
6.323717980940117833e-01
6.263354730147582261e-01
6.871794828683392975e-01
7.735576923045082154e-01
7.514155916232838628e-01
7.543536289794068317e-01
7.456196564225814338e-01
7.534455082769322409e-01
7.408119603418386045e-01
7.333066191715307269e-01
8.614850394332256300e-01
8.338675277673790465e-01
6.178685878522884867e-01
6.230235024809073208e-01
6.231036328384254031e-01
6.302884513846573888e-01
6.340277712219035688e-01
6.254273455462648901e-01
6.310363213221231726e-01
6.341079111314482653e-01
6.268963739753533604e-01
6.307425149199035186e-01
6.182959431257003535e-01
6.224359055965119625e-01
6.140224373557119364e-01
6.202991459454990641e-01
6.030448701105310949e-01
6.050747855701761324e-01
6.141826944887383011e-01
6.096688028202097431e-01
5.936164469259161969e-01
5.999732878632270117e-01
6.656517084274027329e-01
6.048344068356559244e-01
6.650908138348250453e-01
6.366185860501395455e-01
6.362980757640976925e-01
7.512553468282915370e-01
6.929220063213863412e-01
6.837072635594850789e-01
7.452457284188678255e-01
7.011217949354749956e-01
7.395566246734980309e-01
6.939102633513954954e-01
7.350160271311416693e-01
7.081997864043865221e-01
7.483173082781653385e-01
7.076923043554665949e-01
7.075053469206277201e-01
7.015491458308746875e-01
7.350694420628057779e-01
7.025641003766884829e-01
7.381944479977982088e-01
6.802083320087857210e-01
7.252670864964652075e-01
7.086004234659365464e-01
7.072649622160909200e-01
7.480769251656328445e-01
7.095352568082574640e-01
7.113247903493733482e-01
7.301014912370433763e-01
7.412927369149321377e-01
7.076923087334785478e-01
7.104967940344006916e-01
7.213141061365604401e-01
7.079861163297014315e-01
6.900373966329627073e-01
7.154380358023265662e-01
6.945512839234790903e-01
7.149839706750761303e-01
7.151976566698052817e-01
7.475160305730551569e-01
7.338408066962772702e-01
7.294070481712746634e-01
7.062499997102551497e-01
7.368856850597593766e-01
6.909989354511101300e-01
7.291399567969079065e-01
7.051282021670768341e-01
6.939369648472110130e-01
7.142628193474732656e-01
7.083066178597191564e-01
7.135416700098757836e-01
6.958066207858232266e-01
7.201121758478573609e-01
7.297542726891671494e-01
7.272970087221289903e-01
7.319711503596640911e-01
7.108974370659670861e-01
7.105769227999143567e-01
7.115384644040694262e-01
7.465010680672194976e-01
6.928418807398815105e-01
7.286324815140066136e-01
7.025641087347116454e-01
7.303151716597569010e-01
7.455929577127735630e-01
7.283119668499525856e-01
7.316239306177848567e-01
7.395032029758150660e-01
7.299946605777128950e-01
7.086271357077817967e-01
7.313301273995739260e-01
7.288461563647047337e-01
7.476762841240718327e-01
7.256677410700635988e-01
7.311164553348834527e-01
7.242521371246656292e-01
7.294871844988093379e-01
6.847489275611362558e-01
6.977029929462915669e-01
7.154380342103223711e-01
7.130608930387811739e-01
6.932692292472744100e-01
7.193108949587384560e-01
6.934562014081538939e-01
7.096153788077526059e-01
6.906784168070452257e-01
6.956997829624729235e-01
6.918536328638975608e-01
7.033119671301454323e-01
6.891292779204937213e-01
7.467948684994226705e-01
7.340544922930052341e-01
7.291933804845962541e-01
7.083867514012460731e-01
7.110576941989935618e-01
6.951121781180555903e-01
6.919871817350896626e-01
7.003472254921992990e-01
6.946314182610083821e-01
6.907318404947335733e-01
6.955128263236366459e-01
6.963141080087574819e-01
7.124999984462037084e-01
7.082532092960727166e-01
6.947382445423266883e-01
7.345886734497343307e-01
7.466613271902513560e-01
6.972489325950543826e-01
7.070779924432182284e-01
7.144497807623229058e-01
7.259348252804105339e-01
7.066773514016571056e-01
7.116452942673976434e-01
6.900908087786191691e-01
6.941773547257622523e-01
7.264690167851681757e-01
7.171741396857377326e-01
7.062767159321113875e-01
7.503205118939662022e-01
6.988782010431218161e-01
6.965010638515918284e-01
6.959935877726882714e-01
7.167200876925235997e-01
6.864850457725870658e-01
7.184561975459513583e-01
6.884081202248730769e-01
7.097489320569567717e-01
7.291399560009057534e-01
7.252403909706661711e-01
6.987179478901064389e-01
7.185096172536284964e-01
6.903846159768409763e-01
7.318643264663525771e-01
6.997061973580946947e-01
7.147970040862121621e-01
7.138621779079110663e-01
6.921741391699283152e-01
7.095886693519148913e-01
7.318910295541725120e-01
6.934829052919759818e-01
7.466880366460889595e-01
7.231303324174676028e-01
7.473824737418410802e-01
7.446581223804471517e-01
7.115117545502307461e-01
6.980502075141565843e-01
7.298878235503649670e-01
7.276442344340248169e-01
7.158920949595605210e-01
7.085470097282757784e-01
7.214743572995703236e-01
6.839476534380362072e-01
6.860576940811853319e-01
7.274038425654680839e-01
7.052083301365885681e-01
6.886485077154177459e-01
7.310897454810447726e-01
6.946314063209753087e-01
7.454326862517075547e-01
7.024839755911855832e-01
7.106570515654280218e-01
7.173878129444315466e-01
6.890224408931456823e-01
7.160256442287538103e-01
6.915331130258293157e-01
7.079861071756761159e-01
6.939903809728784623e-01
6.923611093408021944e-01
6.980235060183410667e-01
7.314903789605849971e-01
6.944177334602825713e-01
7.091346209407106693e-01
7.091079098928687596e-01
7.349626046374566624e-01
7.305822662181324922e-01
6.932959355191031792e-01
7.127403811607350148e-01
7.031517028330991348e-01
7.303685897754298439e-01
6.920405990547603414e-01
7.322115386462109132e-01
7.278846151585507407e-01
7.343215824733686503e-01
7.096153788077526059e-01
7.174679444959529695e-01
7.583066228713489787e-01
6.592948686840951478e-01
5.705662390742545220e-01
6.733974406702649684e-01
7.152510648354506451e-01
7.200053384225082453e-01
7.383012826371395665e-01
7.153044865331333879e-01
7.170673094244084389e-01
6.938301278198630850e-01
7.220619633379909974e-01
7.188568298314880201e-01
5.956997797052319132e-01
6.521901649733383710e-01
7.341346115064925071e-01
7.156784209048646650e-01
6.943376035007655656e-01
7.287393077953248088e-01
6.939636743030486166e-01
7.342147442520173817e-01
7.094017182850939074e-01
5.927617515031342599e-01
7.301014976050608229e-01
7.061698685567348033e-01
7.307959422628339530e-01
6.926282035011764870e-01
6.926282078791886621e-01
6.967147454683086938e-01
7.316239322097891629e-01
7.188034208698405036e-01
7.183226502667634517e-01
7.173344035847828426e-01
7.138621787039133304e-01
7.332532054338699590e-01
7.151175207402715728e-01
6.960470130523809251e-01
7.338141055984628291e-01
6.878205149824547782e-01
7.120459404829729833e-01
7.151175231282782541e-01
6.971688006455317721e-01
7.092414579680588194e-01
6.929220095053950645e-01
6.920673045305869575e-01
6.967948754278258106e-01
6.884081166428632770e-01
7.098023513666329443e-01
7.188034224618449208e-01
7.172008551115918173e-01
7.142094032218058164e-01
6.950854710502247791e-01
7.166399561410021768e-01
7.104700873645707349e-01
6.922542647514333680e-01
7.091078991468390269e-01
7.135149557780251506e-01
6.961805607295699083e-01
6.889155947117723278e-01
6.989316275168178105e-01
7.133547026250096623e-01
6.951655922537175458e-01
6.973824794762408796e-01
7.380341952427839081e-01
6.950587576143761881e-01
7.355769233157236631e-01
6.936431735690332667e-01
7.330662384470048032e-01
7.152243609516284462e-01
7.202190132732064765e-01
7.111645344103503241e-01
7.156517070710148865e-01
7.156517118470280270e-01
7.132745746554982613e-01
7.024305519034974576e-01
7.036057627863353536e-01
7.157852503701915836e-01
7.282051238525881764e-01
7.220619613479855037e-01
6.542467898888211231e-01
6.004807691161450078e-01
6.879006381759531497e-01
6.941506365139005208e-01
7.193376119765969579e-01
7.149839706750761303e-01
7.145032060420156705e-01
7.357371796527478747e-01
7.344017140248901843e-01
7.163995782024838999e-01
7.146634595930321243e-01
7.359241446496075367e-01
7.334935905364079467e-01
6.923343998849645908e-01
6.940170928167226361e-01
6.933226521389606045e-01
7.120192290371299970e-01
7.136752101250437574e-01
7.330662384470048032e-01
7.355769221217203224e-01
7.275908055723222523e-01
7.317040617713052031e-01
7.152243537876086243e-01
7.289796980718772357e-01
6.917200820026998542e-01
7.057959393590179653e-01
7.159989272108954195e-01
7.288461539766981634e-01
7.120726503368116633e-01
7.133814061108307847e-01
7.128472193820862834e-01
7.173878157304391934e-01
6.837339750053280651e-01
7.036057667663463411e-01
7.174145235942723797e-01
7.335737169139151526e-01
6.947382457363300290e-01
6.939102561873756736e-01
7.130876104546407523e-01
7.172008582956006517e-01
7.351495716243217071e-01
6.859241428219864378e-01
7.321581225205435750e-01
7.226495717644181305e-01
7.340544811489744248e-01
6.913194449411497189e-01
6.912126067197984502e-01
6.933493627888015487e-01
7.132211569378263949e-01
7.017628202835718421e-01
7.247329057377372985e-01
7.182158152294209064e-01
7.262286352646402099e-01
7.120459341149553145e-01
6.925213684638340528e-01
7.008279941052707462e-01
6.940170924187216706e-01
6.939636774870574509e-01
7.176282040169860155e-01
7.330929542708599644e-01
6.862446598740470360e-01
6.975427322312551803e-01
7.157318382245352328e-01
7.402777736130942143e-01
7.155982889553420545e-01
7.074519244269428242e-01
7.151709348759335283e-01
7.159455154632401452e-01
6.922275640516198925e-01
6.908920996177654317e-01
6.926549157430218484e-01
7.320512831051889657e-01
7.360042742111234659e-01
6.975427362112661678e-01
6.947916630560007079e-01
7.255341858308539393e-01
7.108707311921395045e-01
7.108974358719637454e-01
7.276709434918612329e-01
6.850961496910222825e-01
7.197916643678121673e-01
6.973557704184044637e-01
7.339743587514783174e-01
7.126869674230742469e-01
7.326388855615996176e-01
7.237713701035985991e-01
7.216880325482696312e-01
7.372863284893269586e-01
7.155181578018215971e-01
7.325587659501111570e-01
7.157051208086756544e-01
7.123130354393496511e-01
7.306356879158151241e-01
7.039262814304002580e-01
7.171207255500758881e-01
7.013087567483257123e-01
6.901175174384543975e-01
7.167735093902063426e-01
6.927617535663720405e-01
7.119123920097819580e-01
6.938568360816973479e-01
7.134348262165091104e-01
6.948985052573629639e-01
6.961805563515577333e-01
7.341880296221654500e-01
7.742254290984482701e-01
6.903846163748421638e-01
6.059829058746497576e-01
6.526709387604242574e-01
6.984508517397265415e-01
7.359775635612825218e-01
6.993055491525137501e-01
7.111912347121626121e-01
7.126602531912235028e-01
7.361912380139796763e-01
6.963141040287466055e-01
6.930822682304259574e-01
6.941239290480684110e-01
6.987446549579372501e-01
7.165331183176519847e-01
7.180021367967128754e-01
7.168269235258682981e-01
6.928685882057135093e-01
6.920138943749358784e-01
7.342681615716880605e-01
6.966079072469574252e-01
7.122329038878281171e-01
6.928685882057135093e-01
7.069978680557165163e-01
7.175747882893197538e-01
7.364049084866657324e-01
6.986378151445815643e-01
7.341079064286673006e-01
7.220085460183202075e-01
7.186431629408118749e-01
7.400106842287329512e-01
7.329059785279707917e-01
6.949519265570447413e-01
7.002403864748456552e-01
6.869123918919736171e-01
7.149305633054329201e-01
6.927350417225279777e-01
7.125801248237109142e-01
6.908119640862329103e-01
7.147970072702208855e-01
6.926014924533345773e-01
7.371794874819679322e-01
7.138354692480757269e-01
7.148771360357348836e-01
7.014423056195178141e-01
6.938835499155470155e-01
7.139155972175872389e-01
6.922809877393081290e-01
6.916399611972079420e-01
7.173611154286270164e-01
7.246527757782201817e-01
7.353098359213680046e-01
