6.252136742775766809e-01
5.263621772233492146e-01
5.766292767933545171e-01
4.862179466897351143e-01
4.756143102342755835e-01
5.290865393307728759e-01
4.926282049467165525e-01
4.984508539812686490e-01
5.072916595854310984e-01
4.482906049706487650e-01
4.806089705158756997e-01
4.728632518050507882e-01
5.273771488832103005e-01
5.373664531283652845e-01
4.692040543653007156e-01
4.586805578193858812e-01
4.766826940397930201e-01
4.505074830391467833e-01
4.601762797842677277e-01
4.421207258461887224e-01
4.520833357595480106e-01
4.772970059520413866e-01
4.404647419722670376e-01
4.366185870976784233e-01
4.279647445003700312e-01
4.736378204523242763e-01
5.153044891726766830e-01
5.153311930564988819e-01
4.716613258943598841e-01
4.392361050137342238e-01
4.170405929828556180e-01
4.663728564245324115e-01
5.822649671990647313e-01
6.385950897621291977e-01
4.663728675685631653e-01
4.372061915440946800e-01
4.669070483272911298e-01
5.147703012499289521e-01
5.220352585117022937e-01
5.976762770492042298e-01
5.093482952469434721e-01
4.094017057273632298e-01
4.295405944347636118e-01
4.607638790566696563e-01
5.735576909640405230e-01
5.138354746736267797e-01
4.764957286449323925e-01
4.322382490763551632e-01
4.219818355467839788e-01
4.599626033415651905e-01
4.016025677068620903e-01
6.347489356835427365e-01
5.753472225151509134e-01
4.739049142146976590e-01
4.257211470260069963e-01
4.637286306446434248e-01
4.643429509149147871e-01
5.952724296058345965e-01
5.765224385720033595e-01
4.738247910211992875e-01
4.793002075778368121e-01
4.025106784593091014e-01
4.670138925186589351e-01
6.767895332036110156e-01
6.587072710036977474e-01
4.057692237134671864e-01
4.405715742236019361e-01
4.634882495221164245e-01
5.084935966401528118e-01
6.235844010534958848e-01
5.699786230858064906e-01
4.073450911599091895e-01
4.640224350568575296e-01
3.904647421346515435e-01
5.150373910322911808e-01
5.634882551673640050e-01
5.188301329652214022e-01
4.377403862328611006e-01
4.263888937699743531e-01
4.637019080547695182e-01
5.170405962400965727e-01
5.182692308106228163e-01
4.729433773865557300e-01
4.337606729350538259e-01
4.205395376675912789e-01
5.075053364261348232e-01
4.540598255414993734e-01
5.688301292208269855e-01
6.225961563615208805e-01
4.660790512163159871e-01
4.133279881734623351e-01
4.724358953376355252e-01
5.136217894748998924e-01
5.155982907988831965e-01
4.525908050724328779e-01
4.285256426749575742e-01
4.233974331241642242e-01
4.533920943195748343e-01
5.792735089412611726e-01
4.074519250032483386e-01
4.306089718722634907e-01
4.752403802405565370e-01
4.674946535697095396e-01
5.141025644559891195e-01
5.640758464797439586e-01
5.627403828418917620e-01
4.013888892741539483e-01
4.647702942482935806e-01
4.665063997237091087e-01
4.624732929862971353e-01
5.182158182669653890e-01
4.353098313236593020e-01
4.433226433988564641e-01
4.353899584971687164e-01
4.429487245491681713e-01
4.122863277538210136e-01
4.193643184267302204e-01
4.451388844058044580e-01
5.166933772942194913e-01
5.040331242813004264e-01
5.304754282483178374e-01
4.150908198207616806e-01
4.653846129265605813e-01
4.545138914647520179e-01
6.348557754968985334e-01
6.296474339965826283e-01
4.111111109009665254e-01
4.188835378736257553e-01
4.652777770932158274e-01
4.594017007889655835e-01
4.521100396433701540e-01
4.131410279526160356e-01
5.124198806782563897e-01
5.986111171575438927e-01
6.026442326509798830e-01
4.578258456805577858e-01
4.139957329274242537e-01
5.141292735138255354e-01
5.002403907063933675e-01
5.764423078164839787e-01
4.090544867814860930e-01
4.384348344726439750e-01
4.601495766964478484e-01
3.915598222619702806e-01
5.043002172476714895e-01
5.696581187697812299e-01
4.234241493460204619e-01
4.177350519686682251e-01
4.233173087366626230e-01
4.074252195274218336e-01
4.404380404764514645e-01
5.077724333725168737e-01
4.191506344220067293e-01
4.202190122575077402e-01
4.528044958431751699e-01
4.080395346236789234e-01
4.543803437875631457e-01
5.651175184414172215e-01
4.215811849531964084e-01
4.794337600310388803e-01
4.104967950087072270e-01
4.504807739813103118e-01
5.670138874178767274e-01
6.183226545715434508e-01
4.710737206519414189e-01
4.327724373971040261e-01
4.103365394676852240e-01
4.085737173724123261e-01
5.081196638604259519e-01
5.318109022341986902e-01
4.553953027113889496e-01
5.049679444895850411e-01
5.051282103786356448e-01
4.106036280560442231e-01
4.557692259390894174e-01
5.738782139861176024e-01
4.680288399004528532e-01
4.345619657642056377e-01
4.629006466677045850e-01
4.494123989318171697e-01
5.578525611796439909e-01
5.482638987720521717e-01
5.559561945911910552e-01
4.569711550337891004e-01
4.167200779208005690e-01
4.646100383092705011e-01
4.371794789042482976e-01
4.519765023142099936e-01
4.006143106768528805e-01
5.537393105526765558e-01
5.569711551070213318e-01
4.618589659500070832e-01
4.260683818919281385e-01
4.028044916275474452e-01
5.180555539699192025e-01
4.965811932666434614e-01
6.022702994732520576e-01
4.596955083851885782e-01
4.275908117206432824e-01
4.052350441487425625e-01
5.299679549554219271e-01
5.162660188367987901e-01
6.263888871504199596e-01
4.143162420194628215e-01
4.170673135827239753e-01
4.009615336027410049e-01
4.626335525073301813e-01
4.533119703300743097e-01
4.105769349182517569e-01
4.528312021150038280e-01
5.588141035798013245e-01
5.637553338056955354e-01
4.616720200572003718e-01
4.246527775485291478e-01
4.630074781230372194e-01
3.997596172440765483e-01
5.539529913733912680e-01
4.608707196660275507e-01
4.192307703515403272e-01
4.083600421237130185e-01
4.496260725885120602e-01
5.656250028783439410e-01
5.692841863880554465e-01
4.633279927870911363e-01
4.165064122241276534e-01
4.013621802163175323e-01
3.930021364592078958e-01
5.069711477073849393e-01
6.284188042020696363e-01
4.578525603104096620e-01
4.032852586486146418e-01
4.027243592800238137e-01
5.104166659184246058e-01
5.043002092876496256e-01
4.061164625593994271e-01
4.271634723672754763e-01
4.647970100721487974e-01
5.099893174110314842e-01
5.111111093821942841e-01
5.125000030757524971e-01
4.164797091363077186e-01
4.268696484530074553e-01
4.073985088775810004e-01
4.028311907353563925e-01
4.490651664539024868e-01
6.318108987254209552e-01
4.640224334648531124e-01
4.323985002393651023e-01
4.214209373721964358e-01
4.055288549289743916e-01
4.509615374203675975e-01
6.505341783134090949e-01
4.634081247366137468e-01
4.138888931140685679e-01
4.592681594797942690e-01
4.496527748803297864e-01
5.667467860934825019e-01
5.852564087408220761e-01
4.042200824389090563e-01
4.085470039365637906e-01
4.680822655781466946e-01
4.532318439525671039e-01
5.037660293249238697e-01
5.614316203018537843e-01
4.086805587777724291e-01
4.265758575728306745e-01
4.558493555006053466e-01
4.391292775384126323e-01
5.093215790250871233e-01
5.549412312893530208e-01
4.304487143412359940e-01
4.364316276728342769e-01
4.982371807225749460e-01
4.344284101269948462e-01
5.233707221495544903e-01
4.075053467009311370e-01
5.595352576934119471e-01
5.693376072897361473e-01
4.135683700919915440e-01
4.237713651078888200e-01
4.673076925528610870e-01
5.072382510217845475e-01
4.582264871201199297e-01
6.130074812178937238e-01
6.297542817699602891e-01
3.922542617457289160e-01
4.640224374448641553e-01
4.010416607762503638e-01
5.508279937964218886e-01
6.301816199293248655e-01
4.589476511837580208e-01
4.121527685346002556e-01
4.067574747734599705e-01
3.980234994306268703e-01
5.677884636271712804e-01
6.246527784909956527e-01
4.085737106063936919e-01
4.230769224401212947e-01
4.639957212230079175e-01
4.524839672490826858e-01
5.679754326040418189e-01
4.186965840207970135e-01
4.288194482811750752e-01
4.235042713455155483e-01
4.503472251101182100e-01
4.997061940276215086e-01
5.685096185367840560e-01
4.088942376084816477e-01
4.258547074392310394e-01
4.597756375487034308e-01
4.512553366585674297e-01
5.051014965447859772e-01
5.600427365583231509e-01
3.970085544368395225e-01
4.132211527381187688e-01
4.115918743400237001e-01
5.669604732822148829e-01
6.253472259347764295e-01
4.051549141892256123e-01
4.306356837161076090e-01
4.642628277214164711e-01
4.645299111357611421e-01
4.911591952236799008e-01
6.311965816391584827e-01
4.639423074853470941e-01
4.293536342139172568e-01
4.068910172766345146e-01
4.627136856508560214e-01
5.641826934571194663e-01
5.621527819774854162e-01
5.333333324609148551e-01
4.290865356755307336e-01
4.504807664192894689e-01
4.970352464538608794e-01
5.588141059678080058e-01
4.520031926659946464e-01
4.181356858462094706e-01
4.584935924245250316e-01
5.124732975999258811e-01
5.944711515027233384e-01
5.126602625967855431e-01
4.198717984856448204e-01
4.078258474349465423e-01
4.431624021858741047e-01
4.967948673213394284e-01
5.675747843984609853e-01
4.572916541758000886e-01
4.330395251894608721e-01
4.072115462687280751e-01
3.982371794553393740e-01
5.002136697085239891e-01
6.328792741729152294e-01
4.712873939106352328e-01
4.586805578193857702e-01
4.006677395385555007e-01
4.595352592121841884e-01
5.680555538075346966e-01
6.317574806097480122e-01
4.651175163781796074e-01
4.058760663128306301e-01
4.564369599470216032e-01
5.177083394020540741e-01
5.078258526821930463e-01
4.226495743307292496e-01
4.350427224372441781e-01
4.195245739677522234e-01
4.699519219147598181e-01
4.638087582161538047e-01
5.200587567897178021e-01
5.126335618969721786e-01
4.119925245356100829e-01
4.321314148350149376e-01
4.446848256465716354e-01
4.024839757694902431e-01
4.621260636923913978e-01
4.965544834128047258e-01
5.091346192022419004e-01
4.146367519075034869e-01
4.216079127170845875e-01
4.346688027915536767e-01
3.994390997940149290e-01
4.018963693330684928e-01
4.563301280936878923e-01
5.743856789209904612e-01
4.126869660093743786e-01
4.344017102231837457e-01
4.163728565869168063e-01
4.515224363909572380e-01
5.069711528813991563e-01
6.209668795554301735e-01
6.257745736461673980e-01
4.066239298822788006e-01
4.331463677888243158e-01
4.750801262915389511e-01
4.589476567557733699e-01
4.083867412315219658e-01
5.635950822446844644e-01
4.042200860209189672e-01
4.556624032397809665e-01
4.235309847813640838e-01
3.970886772323367619e-01
4.548076871209419947e-01
6.155448715624391998e-01
6.493322651387535283e-01
5.073985077568099467e-01
4.251869678592834489e-01
4.176816270869766479e-01
3.849893124439777159e-01
3.893429493674864794e-01
5.024038423011955024e-01
4.586538364235152598e-01
4.311431574070045403e-01
4.770031975598161833e-01
3.842414516605372476e-01
4.304487199132513986e-01
5.013888869593795539e-01
5.577991482379854871e-01
4.546741450157685271e-01
4.128472203563929854e-01
3.958333324099707062e-01
3.877670914730710350e-01
5.090010607790234065e-01
6.448985153697748274e-01
4.476495700705254710e-01
4.133546952412933129e-01
4.591346054345878391e-01
5.069978615412344958e-01
5.047275645610613815e-01
5.564903888819564548e-01
3.997596176420776803e-01
4.348290607205822500e-01
3.986645271667302870e-01
3.894764986366797133e-01
6.142628228562508896e-01
6.433760648450025377e-01
3.930555657189116481e-01
4.049145227186700113e-01
4.472222243491401628e-01
4.499732879523793416e-01
6.233173056991182515e-01
6.108440156930532439e-01
3.942040611758955704e-01
4.170406025348820100e-01
4.444978713957417615e-01
5.569177377873506529e-01
4.972756478744439490e-01
4.155181639501427382e-01
4.311164523291791673e-01
4.235576998092170364e-01
3.984775593838630336e-01
4.964743578312998395e-01
5.036591954815845540e-01
3.955929465114306209e-01
4.362980720356233744e-01
4.016292723866864423e-01
4.559562056619896331e-01
3.857638870612678517e-01
5.502136683521362537e-01
5.594818399757400806e-01
3.901976463822727226e-01
4.080128203918281793e-01
4.574519132988319470e-01
5.477029930354437859e-01
4.988782136326925798e-01
3.977296966104170717e-01
4.302617513343819367e-01
4.033386735802786394e-01
4.469284155589138274e-01
4.971955115469093300e-01
4.896367586289460672e-01
3.972222145614970334e-01
4.292467928085571538e-01
4.012820494607982624e-01
4.440170968126537221e-01
4.438568353016152379e-01
5.682959325420551266e-01
4.540331097176441011e-01
4.182959314372040049e-01
4.094284163772041185e-01
4.508547031790273163e-01
5.072115435559525487e-01
6.305555558930604487e-01
4.021367413015701775e-01
4.741452977252311740e-01
4.612980769294449668e-01
5.099091858595100613e-01
3.892628142339550901e-01
4.646100323392539644e-01
4.476762874863850494e-01
4.991453026190527109e-01
6.068910285671297311e-01
4.543269125378538442e-01
4.282318402527489631e-01
4.168803438098512282e-01
4.338408156306060581e-01
4.322649501741696598e-01
5.604433772018831972e-01
3.893696624053340494e-01
4.135683728779993018e-01
4.118856855182566057e-01
