4.618856825698645086e-01
4.751869764529231821e-01
4.452457270051679017e-01
4.497062049360357472e-01
4.470886774679534992e-01
4.702724405588247780e-01
5.497863270087629539e-01
4.974091871936096587e-01
5.557692268083237463e-01
5.478098288687884843e-01
5.365384568133925169e-01
5.283920898969867164e-01
5.517094038490555352e-01
5.400373967221150373e-01
5.379807658366158041e-01
5.396100406527009063e-01
5.397168800680555156e-01
5.586004243510911405e-01
5.527777765105423846e-01
5.563568308567389264e-01
5.758279871482115952e-01
5.431356832512422850e-01
4.705929428848446006e-01
5.403579030281459028e-01
5.129006445153145854e-01
5.162660192347998667e-01
4.788461619526401813e-01
4.622863279894376398e-01
5.005876056722595724e-01
4.990117569318694435e-01
5.112980715930461884e-01
5.015491413063982717e-01
5.132745713250249642e-01
5.062500023497984447e-01
4.806356863397309165e-01
4.623130259032432465e-01
5.266292793437457043e-01
5.250534210513289057e-01
5.187767144515473827e-01
5.184294871476471389e-01
5.397970080375671387e-01
5.290331184290922861e-01
5.248397398326132279e-01
5.327991457321704649e-01
5.233707249355621371e-01
4.689636756307803411e-01
5.294070579748377803e-01
5.457532027593025026e-01
5.572916685770720191e-01
5.557692268083237463e-01
5.110309826066861127e-01
5.302350403597722028e-01
5.268162403605942679e-01
5.405715778788440229e-01
5.534455125084798421e-01
5.426014925424869073e-01
5.413194394582865332e-01
5.786591854869809204e-01
5.068376095822224592e-01
5.339743625850249531e-01
5.410523536559354030e-01
5.491185894188207461e-01
5.470619633093348755e-01
5.439903874300484610e-01
5.306089787115143563e-01
5.492788413778328938e-01
5.856036280847003450e-01
5.683226495599136285e-01
5.739850454414503478e-01
5.453525724637711125e-01
5.586805555046113758e-01
5.673076934220953049e-01
5.682959389100726844e-01
5.507745661287226646e-01
5.961805511043112293e-01
5.745192258021769582e-01
5.403311987463226274e-01
5.943376078055456757e-01
5.705395276284115358e-01
5.891826951669321133e-01
5.553151776011173713e-01
5.885950863425037927e-01
5.967147497730886929e-01
6.059829066706517997e-01
5.860309809701055306e-01
5.699519227839943136e-01
5.656250052663505112e-01
5.948984980201108552e-01
5.921741446687115440e-01
5.752938012154693581e-01
5.964476480506935019e-01
5.889155950365412284e-01
6.022702966872442998e-01
6.009081259815611809e-01
5.724358970028722293e-01
6.229166618715493708e-01
6.230769265665967449e-01
6.260149619327141091e-01
6.006677388890176994e-01
6.109241452545691731e-01
6.029647393550119361e-01
5.988514990760729351e-01
6.321047043316384562e-01
6.099626072324239034e-01
6.306089763967399620e-01
6.527510703119456803e-01
6.415598270220632671e-01
6.356036259323103454e-01
6.458066277142263667e-01
6.366987227756752965e-01
6.500267082045221301e-01
6.495459419794571421e-01
6.458867501117224741e-01
6.549412337505918780e-01
6.676816278670588689e-01
6.644764979425658025e-01
6.075320515272200073e-01
6.742254330052269706e-01
6.702724351332738362e-01
6.761485026814997301e-01
6.744123932260732701e-01
6.867254264971128785e-01
6.769765009864782135e-01
6.844551295169398752e-01
6.585470138706712717e-01
6.595085463208011367e-01
6.649839732254672064e-01
6.806356817101821832e-01
6.745993486709065401e-01
6.735576906392716223e-01
6.715010677137945860e-01
6.556356740303527220e-01
6.788461557310869754e-01
6.911859028359763624e-01
7.063301280777678492e-01
6.699252110133824267e-01
6.660790557407925139e-01
6.815972205283296059e-01
6.877670940807742994e-01
7.012286327588251877e-01
6.706463619429841039e-01
6.939903809728784623e-01
7.073183791377604113e-01
7.084134584690769953e-01
7.131944323579468836e-01
7.227029954521064781e-01
7.123664515650169893e-01
7.181356844739017475e-01
7.079326922440121184e-01
7.115384644040694262e-01
7.313835427292391111e-01
6.879540622616425738e-01
7.238514928990958941e-01
7.062499961282452388e-01
7.162393143034389009e-01
7.258547056689220733e-01
7.166933730626718901e-01
7.305555476082695732e-01
7.394497928201642090e-01
7.380608963405983491e-01
7.329861132635009380e-01
7.108707268141273294e-01
7.338408110742895563e-01
7.484508551593519465e-01
7.221955217612094913e-01
7.530181613615434255e-01
7.510683826274342501e-01
7.438568446753371921e-01
7.571581274143650564e-01
7.586271351473963254e-01
7.493322668039900103e-01
7.579059826257902310e-01
7.527510644151613750e-01
7.682959462205568579e-01
7.863247847327818896e-01
7.737446592913733712e-01
7.242254276688281367e-01
7.572916615595165490e-01
7.702190174888341456e-01
7.817841859964222984e-01
7.681356759534943013e-01
7.837072636327172548e-01
7.956196578522012341e-01
7.749198705722123437e-01
7.805288507260828013e-01
7.954861157470278776e-01
7.843482810207921263e-01
7.914529811495389922e-01
7.765758480781163042e-01
8.059561905952599137e-01
7.695245740250644673e-01
8.099626065828862131e-01
8.194711505729926904e-01
8.259615375954880712e-01
8.145833372687683038e-01
8.422008533126268404e-01
8.405715864565638240e-01
8.219284205100474416e-01
8.397168854617663714e-01
8.542735066551427892e-01
8.441506431907669361e-01
8.522435943795064750e-01
8.556623888066690053e-01
8.577457207899827907e-01
8.703258557834177012e-01
8.720619668308485783e-01
8.642361125884912010e-01
8.791666717356085847e-01
8.819711562405284644e-01
8.833333357022358223e-01
8.872596149643261487e-01
8.921741452864091482e-01
8.876335497340583913e-01
9.067574787216308163e-01
9.027510675100178794e-01
9.125801265621796832e-01
9.174946552922582654e-01
9.147970133867019404e-01
9.216346133850579214e-01
9.267895252276687756e-01
9.262019259552669581e-01
9.230769247962877788e-01
9.345619645383622665e-01
9.463675225265004709e-01
9.373931612851271744e-01
9.393963629109227664e-01
9.425747853695836120e-01
9.528579079569913235e-01
9.470352473804073412e-01
9.464476608440406391e-01
9.662660141913299583e-01
9.623664503550936056e-01
9.593749976693056736e-01
9.646634532090945235e-01
9.561164559971573329e-01
9.715544792831454224e-01
9.740918827617269793e-01
9.737713692916764030e-01
9.688835480274298195e-01
9.802350408883175881e-01
9.819444428779120493e-01
9.846955044911456234e-01
9.813301281796560360e-01
9.789796976579558940e-01
9.786057708482457373e-01
9.745192340551278587e-01
9.737446634178488214e-01
9.641559715581754508e-01
9.691239359159753430e-01
9.674679488580451014e-01
9.535790572945886945e-01
9.763354690920592605e-01
9.523771337719044716e-01
9.552350443525191581e-01
9.518162403733302357e-01
9.533386757740607287e-01
9.532585486005513697e-01
9.548076866911007210e-01
9.554754290570559583e-01
9.506410290924911521e-01
9.601228656167657416e-01
9.607906032067079494e-01
9.622329130259332786e-01
9.452190171194891910e-01
9.482906033468042617e-01
9.515758508927801840e-01
9.449252111152705025e-01
9.475694349051539955e-01
9.398504280381733134e-01
9.370192233313860974e-01
9.381143074387159331e-01
9.513621784300885231e-01
9.419871845051772663e-01
9.453525576326582414e-01
9.451655894517898560e-01
9.471153729619125050e-01
9.374198767109812591e-01
9.319177280124434359e-01
9.385683789339839267e-01
9.387820529886798937e-01
9.295673054507654909e-01
9.288194390953095070e-01
9.427617503664431631e-01
9.445245672877017329e-01
9.407852498384621232e-01
9.421474340761828437e-01
9.355769230641870493e-01
9.458333302257406761e-01
9.408119652643162079e-01
9.312233068367353761e-01
9.450320441626074430e-01
9.365651789001928629e-01
9.393696602211037971e-01
9.354433745909960241e-01
9.318375992469297708e-01
9.356303459558729108e-01
9.361645239285932840e-01
9.355769214721825211e-01
9.362179484122838957e-01
9.479433712668907663e-01
9.398237110203147004e-01
9.483974443541632882e-01
9.436431604190769207e-01
9.510683835699007549e-01
9.533386741820563115e-01
9.548878218246321659e-01
9.575854700982060486e-01
9.568376117027722616e-01
9.681623923218148908e-01
9.710203044944339945e-01
9.706196495228341936e-01
9.676816181367278169e-01
9.741453040614087566e-01
9.616720068913238162e-01
9.662660269273652958e-01
9.700854715501141534e-01
9.622863263655931920e-01
9.733974329299397432e-01
9.680021411588048963e-01
9.706463760927191986e-01
9.614316237787914332e-01
9.661057646203243809e-01
9.643963674067432823e-01
9.728899544630293938e-01
9.677884527760691746e-01
9.577457324052467413e-01
9.725160196932971512e-01
9.694177371441807800e-01
9.719818273925373564e-01
9.649839762311716029e-01
9.580128229836112341e-01
9.581730709626122833e-01
9.643162466012513701e-01
9.660790698905276086e-01
9.670406023406574736e-01
9.621794805822208030e-01
9.646367584792975292e-01
9.582532045041393109e-01
9.657318362186098071e-01
9.633814072889139712e-01
9.564636737490310736e-01
9.637286377768229384e-01
9.445512858975646520e-01
9.650106884730167423e-01
9.586805605735534419e-01
9.538461574249796904e-01
9.487446573300238883e-01
9.477831185118764656e-01
9.384081214029563744e-01
9.393162421054308542e-01
9.453792714665077979e-01
9.344818389568572137e-01
9.438835530836358068e-01
9.500534091240318002e-01
9.422008633358864849e-01
9.344818325888396560e-01
9.553952907395159011e-01
9.373397447614588707e-01
9.337339726014015628e-01
9.399839844713862025e-01
9.370726462230721809e-01
9.458600329155595343e-01
9.508012786634965074e-01
9.462339772373182800e-01
9.473290708966742857e-01
9.533386885100958441e-01
9.470619675822746775e-01
9.475160311175206962e-01
9.551816262368461041e-01
9.376335491736729200e-01
9.495459481691703729e-01
9.500801325099080819e-01
9.586271344978585240e-01
9.472222251133022297e-01
9.631677348262224214e-01
9.533920986657468122e-01
9.622329066579157208e-01
9.579593921319030647e-01
9.635149589461137198e-01
9.577724303190523480e-01
9.532051273008694814e-01
9.498397334773316381e-01
9.561164512211440814e-01
9.534455104134020864e-01
9.536057727204427792e-01
9.618856873140375630e-01
9.532852560663834796e-01
9.620192262352020851e-01
9.652777774593767068e-01
9.703525684964962039e-01
9.644230796485884216e-01
9.639690177053468201e-01
9.654113243405635369e-01
9.618322564623293935e-01
9.616452946494786769e-01
9.736912405261626269e-01
9.694978690937032795e-01
9.784188106273993268e-01
9.693643158444991137e-01
9.683493589106786370e-01
9.738514900971682042e-01
9.715544840591585629e-01
9.659188059914824986e-01
9.551014958793280218e-01
9.731837588752436652e-01
9.628472261321849857e-01
9.705662377751790304e-01
9.664262844583926260e-01
9.678418804437686207e-01
9.697916719139130226e-01
9.686431601388839630e-01
9.728632485892017012e-01
9.620192278272066133e-01
9.566506435219038762e-01
9.601495762666066858e-01
9.639690129293334575e-01
9.643162354572205608e-01
9.493322597864346513e-01
9.551816294208550495e-01
9.408119716323338766e-01
9.527777823754863817e-01
9.522970113744082532e-01
9.456997881205672085e-01
9.517895344995024320e-01
9.465277848335413857e-01
9.463408071006464972e-01
9.393696554450907676e-01
9.405715773757705733e-01
9.391292723325581626e-01
9.475961551070213318e-01
9.554754338330690988e-01
9.664262876424014603e-01
9.448450855337656717e-01
9.528579095489957407e-01
9.497061913721581705e-01
9.411057760445480369e-01
9.524572641294225539e-01
9.370726446310678748e-01
9.429220063054661871e-01
9.513087666824333599e-01
9.691506354217853669e-01
9.540865421295166016e-01
9.516025663186341577e-01
9.481837496034101198e-01
9.472489293951253941e-01
9.525106870211087484e-01
9.490918814499154088e-01
9.447916626420794772e-01
9.420405930688238172e-01
9.418002004042649311e-01
9.330395291376316624e-01
9.462339692772963051e-01
9.518963770988659867e-01
9.622329018819025803e-01
9.629540575875176200e-01
9.599358974358973562e-01
9.572382459783145281e-01
9.579327021781194329e-01
9.581730773306299520e-01
9.480502106822453756e-01
9.464476497000098298e-01
9.559294925923020880e-01
9.657051351207953660e-01
9.713141009466260689e-01
9.669604751671481147e-01
9.677083351545863188e-01
9.776709410879346196e-01
9.563568263736543784e-01
9.740918811697225621e-01
9.660523449126471318e-01
9.658653799157875808e-01
9.682959344269883584e-01
9.577190217554059082e-01
9.612446555979231588e-01
9.576656068237419106e-01
9.643696551648979209e-01
9.685630361493835494e-01
9.618856809460200052e-01
9.679487230431318423e-01
9.645032068220977806e-01
9.552884640601964072e-01
9.561698804808478336e-01
9.623931641889432731e-01
9.614316285548046848e-01
9.511484980073747764e-01
9.511485043753924451e-01
9.475160199734899980e-01
9.537927377173024412e-01
9.415865406776086077e-01
9.620726507188925858e-01
9.439903845389684411e-01
9.501068415677444978e-01
9.423077011592367880e-01
9.430021271109578773e-01
9.422809682213342253e-01
9.499198702028672781e-01
9.502136777990902727e-01
9.469551281669201792e-01
9.598023473707019138e-01
9.586538403716862167e-01
