5.326656000449870865e-01
4.945245659631541946e-01
5.384348257898520229e-01
5.322115392957488256e-01
4.290598278116976028e-01
3.711271382963809984e-01
3.745192296357236494e-01
3.685096112262998824e-01
4.401175258123976031e-01
4.465277788953649352e-01
4.646100470652946846e-01
4.362179472501206412e-01
3.728098324221423843e-01
3.896100395478498957e-01
4.291933762848886835e-01
4.153579008470997813e-01
5.687499928932924220e-01
4.426549213309573516e-01
4.136485088075327332e-01
3.418803354964042307e-01
3.683760695191275469e-01
3.866720141317600001e-01
3.966613151929062608e-01
4.439102542132902784e-01
4.554487192350575309e-01
4.888087599259665628e-01
4.585737168120267437e-01
4.516559824761417485e-01
4.263621779461191919e-01
3.995726438891937793e-01
3.995459396073706149e-01
3.684561982846412675e-01
3.936164591174859395e-01
3.818108923733233850e-01
3.847489325154540007e-01
3.751869648376591204e-01
3.831463663592044044e-01
4.055555552307866241e-01
4.023237182384626909e-01
4.017093995601958012e-01
4.087339772914465041e-01
3.995993573250424813e-01
4.248664539912317406e-01
4.266559811643301225e-01
4.369925246534184238e-01
4.318643158986272823e-01
4.182158102337111827e-01
4.333867509013566988e-01
4.505876070286473634e-01
4.465544867591980660e-01
5.209134581825162202e-01
4.084401716852290032e-01
4.232104685253057497e-01
4.393162278092314632e-01
4.381410268764210914e-01
5.444711552471176441e-01
5.206196505862933366e-01
4.177350448046484033e-01
4.561698741446703065e-01
4.642895359832507340e-01
5.399839738304288428e-01
4.653312019749075157e-01
4.840544815628955999e-01
4.854967969541366113e-01
4.746260679303071495e-01
4.862980758532499115e-01
4.937500001018882423e-01
5.664262785934484068e-01
5.061965794581123612e-01
4.475961591188725164e-01
4.658119689959746568e-01
4.909722190827895960e-01
5.065170849681409626e-01
5.243055538998709908e-01
4.596955119671984336e-01
4.806356807677155119e-01
4.945779912428468483e-01
5.014957247827298570e-01
6.294604717857308351e-01
6.235042794520018195e-01
4.938568442932561031e-01
4.785256437065764645e-01
4.713141041624749894e-01
5.321047102284227615e-01
5.415598289388366959e-01
5.019497907059824460e-01
4.696581250645665562e-01
4.861912332538866344e-01
4.853098327532792133e-01
6.264957321377900845e-01
5.630341900401136801e-01
4.844551293704754680e-01
4.896634585327573341e-01
5.031517062686448050e-01
5.228365382068177469e-01
5.107638872523083684e-01
5.209935909280409838e-01
5.202991426882580539e-01
5.311698772841030314e-01
5.221153856852115416e-01
5.747329117969059986e-01
4.993589786637542827e-01
5.056623855653481492e-01
5.232906025380660298e-01
4.811965869023249742e-01
4.930822609199417283e-01
5.452724373302398897e-01
4.879540589311693322e-01
5.670940177753950318e-01
6.051816190155142605e-01
5.743589825991891606e-01
5.766292787833601219e-01
6.026709349427977758e-01
5.936698694196010928e-01
4.747329109276716697e-01
5.346153783810954074e-01
5.554220106484544228e-01
5.087339717926632199e-01
5.840544796461223376e-01
5.958066195185878211e-01
5.229967893698277415e-01
5.575053338757437471e-01
5.443375972219003378e-01
5.922542710462187499e-01
5.959134581379400553e-01
5.077190084908252965e-01
5.327991465281727290e-01
5.372329098291885874e-01
5.694711621309447303e-01
5.473290514996929090e-01
5.415331270450199908e-01
6.027243570384817062e-01
5.117788513501485559e-01
5.156784215544023553e-01
5.468750007004818947e-01
5.213141028060872539e-01
5.713141054297105059e-01
5.286859014732205875e-01
5.093750027127754709e-01
5.212339676725559201e-01
5.220886670753487335e-01
5.279647378075835729e-01
5.422008503069225549e-01
5.678953046345303068e-01
5.265758556560573567e-01
5.368322675936242350e-01
5.430021363700556769e-01
5.774572635563011147e-01
5.661591856270773437e-01
5.517895294305605880e-01
5.937232946992938576e-01
5.940972151409866786e-01
5.631944324470993246e-01
5.819978654766694293e-01
6.117521379875321408e-01
5.527777773065444267e-01
5.514155978448369577e-01
6.156517065997816340e-01
6.247863190041648140e-01
6.069177380229672236e-01
6.317307743379192431e-01
6.339209345925568284e-01
6.351228581152409403e-01
6.357905893371654793e-01
6.466613287090235973e-01
6.487179484504920213e-01
6.328525659110811885e-01
6.526976537882772655e-01
6.551549173573143481e-01
6.611111073030365715e-01
6.394497859809133988e-01
6.480769199183864515e-01
6.692574829754667221e-01
6.321581097112761727e-01
6.657318395809230793e-01
6.818910233485393491e-01
6.525373914812364617e-01
6.649038428679491242e-01
6.650373945251488728e-01
6.716346209629987518e-01
6.697382523845402114e-01
6.891292767264903807e-01
6.882745645876623408e-01
7.025373988808729653e-01
6.949252123251938862e-01
6.955929546911492345e-01
6.896901780850867025e-01
7.200587557421790352e-01
7.024305530975006873e-01
7.185363235254572656e-01
7.190972217000447531e-01
7.025373972888685481e-01
7.272970154881476246e-01
7.187232901143212338e-01
7.282051345986179092e-01
7.334668858565835947e-01
7.365384641238768015e-01
7.316239274337760223e-01
7.313034187397384756e-01
7.455395248710598999e-01
7.405982918591580422e-01
7.488514878428899069e-01
7.513621790796263245e-01
7.612446562474609602e-01
7.534187924530770797e-01
7.537126048253132149e-01
7.678685869671341147e-01
7.700053386581250381e-01
7.829594036452789396e-01
7.851495718599384999e-01
7.688568412111356221e-01
7.746527720338258760e-01
7.806890955210750160e-01
7.667467969859766974e-01
7.578525597341041475e-01
7.771901755124075439e-01
7.844818406380139608e-01
8.042200843238422880e-01
7.868856860913782114e-01
8.145032069112501105e-01
8.179754210460898900e-01
8.208333348107135219e-01
8.334668767757903440e-01
8.315705129733450551e-01
8.370192308201747089e-01
8.386484976762380583e-01
8.417467977374029076e-01
8.496794866191015316e-01
8.427617514872143278e-01
8.473023406715475270e-01
8.610844039636799119e-01
8.641025609312912303e-01
8.629006390006113136e-01
8.586538478604748281e-01
8.591079098037164297e-01
8.649305576442651855e-01
8.757211555145743009e-01
8.676816144814857301e-01
8.748397438699362372e-01
8.706196633796405848e-01
8.721420908203491029e-01
8.837606885876410079e-01
8.835737124467506476e-01
8.973824736526887502e-01
8.909722138037028394e-01
8.822649558767292621e-01
8.885149613786965661e-01
8.904380246869518789e-01
8.835202959230821218e-01
8.806623948944939384e-01
8.824786331154341745e-01
8.936164519216259761e-01
8.891559803587758548e-01
8.990117548367916323e-01
8.864049203375464758e-01
8.768429439037271900e-01
8.836538523562952330e-01
8.869925243859615449e-01
8.855769220325682145e-01
8.797542694160060961e-01
8.853632400178500506e-01
8.815438081311364193e-01
8.955929492655981816e-01
9.008012824078908132e-01
9.002403842333035477e-01
9.020566272302568134e-01
8.870726563354841554e-01
9.116987181015503428e-01
9.134348259649723856e-01
9.010416687044322526e-01
9.073183737122095804e-01
9.018429404395256199e-01
8.835470097569320114e-01
9.088675213547853238e-01
9.087873909972671305e-01
9.042468049969427657e-01
8.953525597850480189e-01
8.922275538500558101e-01
8.914529895807942195e-01
9.023504252744535270e-01
9.051282007215367686e-01
9.059294867846701127e-01
8.971955038798160587e-01
9.025373918633174952e-01
8.997061935245480591e-01
8.988782031795916616e-01
9.001068325761034661e-01
9.127136718513618741e-01
8.996260695350475345e-01
8.959134627356488689e-01
8.993055528809881238e-01
9.021901645594172514e-01
9.035523472051335547e-01
8.922008591202588157e-01
8.940438016230223273e-01
9.010950788600831096e-01
9.043002151525938448e-01
9.145566302741694464e-01
9.116987085495238397e-01
9.000534176444395795e-01
8.967948727882824045e-01
9.082799157143657265e-01
9.023237241766390859e-01
9.087873909972671305e-01
9.147168750691618833e-01
9.030181533123693427e-01
8.923611118752732274e-01
9.134081184991403868e-01
9.120993571531058608e-01
9.007745701660456739e-01
9.166933787811515355e-01
9.107638851572303906e-01
9.063034167783892148e-01
9.064636774934254904e-01
9.047542770958353353e-01
9.081463752011966761e-01
9.004006385803221546e-01
9.086805499899079930e-01
9.070779874156682521e-01
9.110309805116082460e-01
9.076923021139241543e-01
9.070245772600173950e-01
8.872329090904984561e-01
9.162126109640822413e-01
9.018696526813709813e-01
9.096955069237283587e-01
9.164529908926057900e-01
8.877670902472274417e-01
8.899305557720682547e-01
9.111378055989233227e-01
9.046474392724851432e-01
8.987179520165815561e-01
9.119658102719192527e-01
9.046474281284542229e-01
8.882478596563011530e-01
9.054754264334328173e-01
9.047809877456762795e-01
9.117521409932365373e-01
9.002670869231224060e-01
9.021100421619211440e-01
9.189903895951743173e-01
9.226495735028868994e-01
8.975961508913935516e-01
8.965811971415820203e-01
8.890224382536022762e-01
9.004273476381585706e-01
9.134081264591624727e-01
9.019764857287080329e-01
8.919337558058590965e-01
8.954326837745485435e-01
9.031784188034186478e-01
9.136752138535180201e-01
9.012019230514509704e-01
9.022168831692800595e-01
8.895032076626760986e-01
9.062767093125571050e-01
9.210202955027929628e-01
9.042467922609076503e-01
9.086004275924119966e-01
9.029914569905679311e-01
9.014957338316826885e-01
8.945779859637601472e-01
9.145299100723021102e-01
9.102831173401612075e-01
8.943376060352365986e-01
9.022168879452934220e-01
8.942307698038907127e-01
9.127670979270567919e-01
9.139957193635467325e-01
9.014690247738461615e-01
9.033119736446273418e-01
9.017895239158573162e-01
9.118856910584318687e-01
8.989850457789549942e-01
9.162126014120557382e-01
9.075854642905740732e-01
9.016292775288606842e-01
9.072382481307044166e-01
9.155982914898129765e-01
8.981837628998307066e-01
9.091613305430126246e-01
9.137553362510143495e-01
9.210737183944791573e-01
9.076655994241054071e-01
9.115651680363547893e-01
9.234241505081837165e-01
9.033386795184550344e-01
9.127938022088799563e-01
9.116185845600234261e-01
9.042735060947573178e-01
9.083600444798796136e-01
9.140224379734096516e-01
9.025908067949816038e-01
9.128472251005661509e-01
8.954059763087165447e-01
9.115651791803855986e-01
9.023771311482811086e-01
9.051549193313997987e-01
9.175213754941254907e-01
8.958867425337815327e-01
9.153579067852761764e-01
9.202724243713240604e-01
9.298611066789708168e-01
9.290331179260188366e-01
9.215811936773803392e-01
9.352564159621540307e-01
9.397435886228184820e-01
9.447115402445833698e-01
9.489316334709142486e-01
9.469551202068979823e-01
9.505341896771366539e-01
9.567841888110860671e-01
9.491720133994379083e-01
9.586538467397037744e-01
9.463408102846552206e-01
9.548878170486188033e-01
9.578525638605793757e-01
9.634081163467504982e-01
9.637019287189866334e-01
9.658920985256504999e-01
9.710469992242307669e-01
9.741987221770814775e-01
9.842147462261027213e-01
9.804487133510091379e-01
9.776709426799390368e-01
9.693910217183266953e-01
9.703792727783193683e-01
9.830662455951045819e-01
9.856837571431429357e-01
9.727029942421829833e-01
9.791933701206476659e-01
9.773237169680432102e-01
9.881410270801975759e-01
9.659187996234648299e-01
9.814903777506615024e-01
9.883547027268979601e-01
9.800480758914580370e-01
9.781517152730216935e-01
9.744658143474506096e-01
9.875801304976146167e-01
9.849893168633819807e-01
9.808760741964364094e-01
9.782585435443451605e-01
9.786324799060821533e-01
9.684027642903163535e-01
9.810096163016097659e-01
9.881944451958705189e-01
9.825854761860308706e-01
9.771100508733691070e-01
9.788194496789548449e-01
9.859508413534896487e-01
9.907585561402841856e-01
9.863781974229037797e-01
9.779914513739765836e-01
9.911858946976497275e-01
9.924946608196975051e-01
9.788995688924422289e-01
9.917200806303920757e-01
9.877136789708056419e-01
9.894497900182364081e-01
9.909187993432720942e-01
9.866453055133166394e-01
9.856303438034831332e-01
9.745192324631233305e-01
9.896100379972375682e-01
9.807959422469139099e-01
9.837873965247063701e-01
9.803685925455174477e-01
9.740651641518641712e-01
9.857638890926654351e-01
9.732905982905981634e-01
9.848290609243587346e-01
9.862980829854296472e-01
9.760683689616684866e-01
9.691239279559533681e-01
9.820779977191207433e-01
9.890491461906676385e-01
9.867788476184902180e-01
9.791132477231514475e-01
9.837606922428832057e-01
9.816506464257198639e-01
9.904380283421940767e-01
9.825053458285126773e-01
9.823183840156619606e-01
9.895833353074188210e-01
9.913194527228672559e-01
9.827991327286784706e-01
9.754540685914520060e-01
9.907051236965717100e-01
9.785523431805462913e-01
9.853632436730921373e-01
9.848557699821952616e-01
9.875801257216012541e-01
9.837072597991706191e-01
9.922809835809925927e-01
9.811431536307702039e-01
9.849358955637003143e-01
9.850961562787365899e-01
9.807158118893956056e-01
9.936965747903554469e-01
