6.119925211000645238e-01
5.127937899759182905e-01
5.627670978697446591e-01
6.185630376840758338e-01
5.840277753642991732e-01
5.298878162398806824e-01
4.921741553415089898e-01
5.494123970150437408e-01
5.092414590155975862e-01
5.720352595433210174e-01
5.239316167421320669e-01
5.168536280592281873e-01
5.267895273227467534e-01
5.135149552335596113e-01
5.392361186190038902e-01
5.957799231967864095e-01
5.180021390382549829e-01
5.917467925793085115e-01
4.978632539128645118e-01
5.031517078606491111e-01
5.048076941225773107e-01
5.135149528455531520e-01
5.520566208049272339e-01
5.442307625825588691e-01
5.567574762763121132e-01
5.680555565935423434e-01
5.780181673029038958e-01
5.737713721827564228e-01
5.821848264935179929e-01
6.032852607850844873e-01
5.858707258270845486e-01
6.154647471749374876e-01
6.168536261424549805e-01
6.225427358578412562e-01
6.048878185833110877e-01
6.084134603858504242e-01
6.138087585250027178e-01
6.550213609241011259e-01
6.511485069417036753e-01
6.256677338328117122e-01
6.595886814543323595e-01
6.724358990661100099e-01
6.888087537044133013e-01
6.724091995602999861e-01
6.935897451053317786e-01
6.874465790187191949e-01
6.806623987280404631e-01
7.039796927800544557e-01
6.669871844032891905e-01
7.076655889296123991e-01
7.068643092344968348e-01
7.165865400153347275e-01
7.225427331450657853e-01
7.259615355322504016e-01
7.477029935799092142e-01
7.415865397351419919e-01
7.467948792454524032e-01
7.450053325702999940e-01
7.475694482907270233e-01
7.398504366477329786e-01
7.539529943058632666e-01
7.203258526885611968e-01
7.586538473892415757e-01
7.280715829414179385e-01
7.166933778386849196e-01
7.706997932659254147e-01
7.568109017024691187e-01
7.664529877977493966e-01
7.661324822877206842e-01
7.942574831665071278e-01
7.818643099859229340e-01
7.900641005900169711e-01
7.802083324800189734e-01
8.057158122587407822e-01
8.099358927490365456e-01
8.106837606964967247e-01
7.978899643844009626e-01
8.167734943393968328e-01
8.189102619504315950e-01
8.206463682218494426e-01
8.258012832484691312e-01
8.280982861024701602e-01
8.297275641025640969e-01
8.353098256465716354e-01
8.392361176446970772e-01
8.509081191996223925e-01
8.480502149870251527e-01
8.526709393048896857e-01
8.321581106537426775e-01
8.622596216125366642e-01
8.597756378416322454e-01
8.627938027692655387e-01
8.579059878730366240e-01
8.693910228390978601e-01
8.768162332538863568e-01
8.733974372347196313e-01
8.729700875333230581e-01
8.755341952937280015e-01
8.810096206063896540e-01
8.928685967102012455e-01
8.758814146376062704e-01
8.918536270403454314e-01
8.996794812827029197e-01
8.971420969081740360e-01
9.061965837310521632e-01
9.007478627002136751e-01
9.169871768253480271e-01
9.221955131516497151e-01
9.243589739004771655e-01
9.224091887983500992e-01
9.218215815659263068e-01
9.165064042322654814e-01
9.227296974923875350e-01
9.305822703446078314e-01
9.302350462247164220e-01
9.335470123805551523e-01
9.358440088665382905e-01
9.387820561726887281e-01
9.412660335755755892e-01
9.367788449948668550e-01
9.578258548027429597e-01
9.538461446889443529e-01
9.477297051722168852e-01
9.526709461441404958e-01
9.544604689392268693e-01
9.631677284582047527e-01
9.698717990874223815e-01
9.627670878146448175e-01
9.692841838949765032e-01
9.878205152021514168e-01
9.780982876053223585e-01
9.780181636158217229e-01
9.711004300759388252e-01
9.705929436490067230e-01
9.681089757981463650e-01
9.783386754938678820e-01
9.835737113259797049e-01
9.842414552839393593e-01
9.840010753554155887e-01
9.816239389598877541e-01
9.736912357501493753e-01
9.806089724740409963e-01
9.827190087391779461e-01
9.703792807383415653e-01
9.739583279205182853e-01
9.834668846466601000e-01
9.860844041547204286e-01
9.927617482140533856e-01
9.893162431370499110e-01
9.761752115610318192e-01
9.839209354458710033e-01
9.810363237674419867e-01
9.807959422469140209e-01
9.774839792750837919e-01
9.827991422807048627e-01
9.825320501103360638e-01
9.849358907876869518e-01
9.913728740225489222e-01
9.867788332904505744e-01
9.771100460973559665e-01
9.893696517006962399e-01
9.754006552517924256e-01
9.769230747324787467e-01
9.868856854418404101e-01
9.735576936449759078e-01
9.797008517715665166e-01
9.861378174943800090e-01
9.830929482849235512e-01
9.889957296669992237e-01
9.884615309982217601e-01
9.840277812292432813e-01
9.830662392270870242e-01
9.905181650677298277e-01
9.876068300034246406e-01
9.876335502052917548e-01
9.862980766174120895e-01
9.881410254881931587e-01
9.836271342176656773e-01
9.877670939024696395e-01
9.900641031244880041e-01
9.860042753892066525e-01
9.873931670927593718e-01
9.855235155321592222e-01
9.774038457335569863e-01
9.891292669961594397e-01
9.754006393317482537e-01
9.891292797321947772e-01
9.881944483798792422e-01
9.841880323922531648e-01
9.780715737714724689e-01
9.935897465190316469e-01
9.833867526971376005e-01
9.743856823979278881e-01
9.868322705101763015e-01
9.865384645059577240e-01
9.866185884954582486e-01
9.728632454051929779e-01
9.813034032017756703e-01
9.831997908842868839e-01
9.822649563479626256e-01
9.916666736587499420e-01
9.917200854064052162e-01
9.862713691515800907e-01
9.861378238623977888e-01
9.759081273506848841e-01
9.862713659675710343e-01
9.830662408190913304e-01
9.868589795680127175e-01
9.864316234985985865e-01
9.812232951323189845e-01
9.851228589685553372e-01
9.756677410541436668e-01
9.900908217343509232e-01
9.831463648085920770e-01
9.803418771196634740e-01
9.814636734688383379e-01
9.849893184553863978e-01
9.813835510713421195e-01
9.868589747919994659e-01
9.779914609260027536e-01
9.916666720667455248e-01
9.903846086345167166e-01
9.891292701801681631e-01
9.855769256878103013e-01
9.836271453616964866e-01
9.809294779840697087e-01
9.846420879674772086e-01
9.918002093959057408e-01
9.850160259212183966e-01
9.819444508379340242e-01
9.851495807624270906e-01
9.788461539607780093e-01
9.861912372020575912e-01
9.794604686590342446e-01
9.771901700868564911e-01
9.763621765578912592e-01
9.751068381035430388e-01
9.853899590989462220e-01
9.809027832542729364e-01
9.841613217424122206e-01
9.868856822578315757e-01
9.857104662009793516e-01
9.804754287768632226e-01
9.907852572380986267e-01
9.880341940328605244e-01
9.843482819632587422e-01
9.749465773885065412e-01
9.866720002431135228e-01
9.829059832880640002e-01
9.896367581991047935e-01
9.873931623167461202e-01
9.826655906235051141e-01
9.756143197544617784e-01
9.735042787133117992e-01
9.913728644705225301e-01
9.908386721697628463e-01
9.860844009707114832e-01
9.846153805016450988e-01
9.825587543921592282e-01
9.714476494198172052e-01
9.862713755195975374e-01
9.848023439065003437e-01
9.833867526971376005e-01
9.708867448772119380e-01
9.782585419523409653e-01
9.890224323568179710e-01
9.813568388294969802e-01
9.878472290360009733e-01
9.844284234648077447e-01
9.915598374274040561e-01
9.871260653703639587e-01
9.715010707194988715e-01
9.817841885308933314e-01
9.837606810988522854e-01
9.837873997087152045e-01
9.867254215427951891e-01
9.843215792734398839e-01
9.800480758914580370e-01
9.852564090337508906e-01
9.862179398918763384e-01
9.736111117606487397e-01
9.726228670686736244e-01
9.844284234648077447e-01
9.833867351850892335e-01
9.860844025627160114e-01
9.783653877357132433e-01
9.658653862838051385e-01
9.782585499123628292e-01
9.918002221319410783e-01
9.766025612624281704e-01
9.908653891876212372e-01
9.678151761619453453e-01
9.873664516669053981e-01
9.816773459315299988e-01
9.834401708128105435e-01
9.843215824574484962e-01
9.822916701818124041e-01
9.813568340534837287e-01
9.786858996137595135e-01
9.832264935741058531e-01
9.724091914219733512e-01
9.888888870676357801e-01
9.847489353428539038e-01
9.761217982213720168e-01
9.880341844808342433e-01
9.777777884633113148e-01
9.795673112583975772e-01
9.840544855110664457e-01
9.834401755888237950e-01
9.778578981247723068e-01
9.874465772484102288e-01
9.864316203145897521e-01
9.816239373678834479e-01
9.821314094667760175e-01
9.861378190863845372e-01
9.865651624197633307e-01
9.766292687282602802e-01
9.809829008757557922e-01
9.850694440368912286e-01
9.900641015324835870e-01
9.879273578015148605e-01
9.855769225038014669e-01
9.970085520902252085e-01
9.899305610193146476e-01
9.849626093975498708e-01
9.819177338200755223e-01
9.821046988169351843e-01
9.868589795680126064e-01
9.873931670927593718e-01
9.896634529289016768e-01
9.838942343480566732e-01
9.875801209455881136e-01
9.908119678879394598e-01
9.895566198815646253e-01
9.773771350837161531e-01
9.883279904850525988e-01
9.812232903563058439e-01
9.724358972958009328e-01
9.781249871111323824e-01
9.882478680875566024e-01
9.848557747582085131e-01
9.737446570498311527e-01
9.867521274166229928e-01
9.946313965906444787e-01
9.768162432771461123e-01
9.844017080389535490e-01
9.786324894581084344e-01
9.867521258246184646e-01
9.930021376946033262e-01
9.871527712441915403e-01
9.858974343818476260e-01
9.819711487517396309e-01
9.680555529064600595e-01
9.818109007727385817e-01
9.876869635449514462e-01
9.829593934437147462e-01
9.873931639087505374e-01
9.830929419169058825e-01
9.837072597991707301e-01
9.849091833218548420e-01
9.838408194163924536e-01
9.836004299358425129e-01
9.855502150379694681e-01
9.771901828228917175e-01
9.815705144761972534e-01
9.847489321588449585e-01
9.873664612189317902e-01
9.845886746278175172e-01
9.810096163016097659e-01
9.771901684948520739e-01
9.802884558199816967e-01
9.848557604301687585e-01
9.804220138451991140e-01
9.808493667306044106e-01
9.771100476893603837e-01
9.801281982889541444e-01
9.863514931410805042e-01
9.867254279108128578e-01
9.796474432079199657e-01
9.821848259904446543e-01
9.864316266826074209e-01
9.794604638830208820e-01
9.785790570143959588e-01
9.751068412875517621e-01
9.846688097613489621e-01
9.914262778101822216e-01
9.770299141478333560e-01
9.871260669623683759e-01
9.829326987139180849e-01
9.875801273136057823e-01
9.896901651707468162e-01
9.814369612269930876e-01
9.807158087053869933e-01
9.861912372020575912e-01
9.905982890572302413e-01
9.925213714695383382e-01
9.872329079697274024e-01
9.920940090321067606e-01
9.829861152375864997e-01
9.852029877340690023e-01
9.894764911160507381e-01
9.917735035220780482e-01
9.708867432852075208e-01
9.895833368994231272e-01
9.841880355762617771e-01
9.818643300324423340e-01
9.856570512693152430e-01
9.832799132817831023e-01
9.816773491155388331e-01
9.850427365710592298e-01
9.787927422131228461e-01
9.851495712104005875e-01
9.766559825621097257e-01
9.882211590297201864e-01
9.865117554481213080e-01
9.793002143120153047e-01
9.884615501022745443e-01
9.906784066787132081e-01
9.785256436747362674e-01
9.812500057821598176e-01
9.841079147707703090e-01
9.852296983839100575e-01
9.840544855110664457e-01
9.740117635482397063e-01
9.851762802682371145e-01
9.868589700159862144e-01
9.733173121244478310e-01
9.895833337154142928e-01
9.813568467895188441e-01
9.848290513723324535e-01
9.857638922766741585e-01
9.866452991452990817e-01
9.880609046827013575e-01
9.859241450316884592e-01
9.874465788404147570e-01
9.846688129453577965e-01
9.903579043526934411e-01
9.920138802665929845e-01
9.803685925455174477e-01
9.778579092688030050e-01
9.859241513997061279e-01
9.858440146741703769e-01
9.811698642806110371e-01
9.791132413551338898e-01
9.877938093283237242e-01
9.895299235597634357e-01
9.896634688489456266e-01
9.796474432079200767e-01
9.827457273490408651e-01
9.747061910919653238e-01
9.918269120857245991e-01
9.795940203162341042e-01
9.940438084622732484e-01
9.887553401864492830e-01
9.862179494439025085e-01
9.774305500153803727e-01
9.807158150734045510e-01
9.855769288718191357e-01
9.882745723693799889e-01
9.866185869034538314e-01
9.914529884600230547e-01
9.724626031696287365e-01
9.812767100639830931e-01
9.872863229013915110e-01
9.813301202196340611e-01
9.802884605959950592e-01
9.859241434396841530e-01
9.774305500153802617e-01
9.875801257216012541e-01
9.790331205496420885e-01
9.888354721359716715e-01
9.819978657695982438e-01
9.829326812018696069e-01
9.797275624214073497e-01
9.803151776138533391e-01
9.933493554464771780e-01
9.942841867987926019e-01
9.970619670218890951e-01
9.764423132834270103e-01
9.847222262850174879e-01
9.839476508717250880e-01
9.875801289056101995e-01
9.720886843199404437e-01
9.884882448320715387e-01
9.817574683290262172e-01
9.895833368994231272e-01
9.904914528258845774e-01
9.822649515719494850e-01
9.934027862981854584e-01
9.701655955396146780e-01
9.945779928030110684e-01
9.928685908134166072e-01
9.913995783043723087e-01
9.934027815221719848e-01
9.806356894918994982e-01
9.844017016709359913e-01
9.768963704506555823e-01
9.772435961625514089e-01
9.888354673599584199e-01
9.895566135135471786e-01
