8.860042741219711360e-01
8.771100400541073094e-01
7.244391041115307850e-01
7.218215766434485925e-01
7.229967895162920932e-01
6.325320580130457948e-01
6.320245739741202629e-01
7.385416713216873541e-01
7.481036350194715245e-01
7.211004296938577918e-01
7.668269161994640815e-01
6.140491440255417821e-01
6.423076933775193620e-01
6.508012923738386579e-01
6.547008570060770527e-01
6.607638863671538854e-01
6.418803476561338872e-01
6.628472207384741299e-01
6.561164474194376428e-01
6.670940182466282842e-01
6.599626074680405852e-01
6.758814057351176796e-01
6.734241445540871673e-01
6.692574710354335377e-01
8.036858920230824932e-01
7.535523449062790924e-01
7.354968021122307853e-01
7.669871832825179148e-01
7.471153791834654889e-01
6.789529879824218739e-01
6.712606838052599389e-01
6.692841856652854693e-01
7.887286349621592807e-01
7.730769201094268572e-01
7.784989320824288184e-01
6.588675233607107495e-01
6.789529895744261800e-01
6.942574755312539425e-01
6.763087602125273934e-01
7.876335460788164156e-01
7.840544917326197627e-01
7.467948744694391516e-01
6.693109018871417071e-01
6.550480779419596278e-01
6.748664567613193999e-01
6.767093984680806473e-01
7.869658124688853063e-01
7.686698722342649726e-01
7.580395326909855624e-01
6.852029942803912199e-01
6.734241437580851253e-01
6.781517106753128799e-01
7.781249949246898945e-01
7.690170939661499228e-01
7.687767044855997600e-01
7.610309806007604649e-01
7.520032131837474099e-01
8.321848340396187371e-01
8.210470120494181012e-01
7.591880349139882300e-01
7.617521394903843390e-01
7.799679509594907856e-01
7.868055597138711166e-01
7.791666664883620808e-01
7.769497788678376704e-01
7.771367534167237245e-01
7.740918834112648916e-01
7.732371748544464296e-01
7.708066275072658069e-01
7.628472148416898246e-01
7.527777806370176128e-01
7.137553428705686320e-01
6.199519273976230593e-01
6.223824743468027165e-01
6.362980793461074924e-01
7.880876044400482172e-01
7.579326968576408641e-01
8.000801270270450072e-01
6.212873993934984185e-01
5.844551266576998305e-01
6.474626111901468084e-01
7.930288477999787311e-01
7.993589800774540954e-01
6.064903867295664552e-01
6.080128213342946841e-01
6.330395305099394410e-01
6.373130422499444503e-01
7.184829117778019913e-01
7.893429500584164815e-01
7.693108892243387675e-01
6.130608873935335934e-01
6.238247877480381787e-01
6.136485037799828124e-01
7.937499987295804083e-01
7.666666650364540869e-01
7.919871834003262556e-01
6.227297080187206291e-01
6.252937958790705242e-01
6.279914493266588460e-01
7.857905984020385759e-01
7.660790617840411709e-01
7.915331214570845431e-01
6.470352579067404353e-01
6.061698708715091977e-01
6.318910310729446422e-01
7.935897431885583497e-01
7.526976530655072883e-01
7.782318391160576443e-01
6.551282094934811617e-01
6.116987198718593088e-01
6.357905972971875652e-01
7.627670876681804657e-01
7.849625965150502926e-01
7.496794841578628965e-01
6.405982917859257553e-01
6.836004301141469508e-01
6.471955098657526939e-01
6.991987180951821923e-01
6.305822637568936351e-01
6.170673129331861739e-01
6.119658176142435124e-01
6.273237196967387241e-01
6.973290553905514555e-01
7.820512733907780678e-01
5.999198621855331703e-01
6.177884598827769747e-01
6.203525640611720071e-01
6.881410252684965201e-01
7.816506458812544356e-01
6.836004285221426446e-01
6.399038423521395957e-01
6.310096098762801864e-01
6.341346178012779999e-01
7.557692277507903622e-01
7.839743565990882068e-01
7.528312015386982026e-01
6.418269211824377818e-01
6.350694455715835129e-01
7.368322633620765227e-01
7.739049140363931656e-01
7.273771335076315570e-01
6.620459370633475782e-01
6.309027800129519692e-01
6.227297004566996197e-01
7.427350471321589875e-01
7.637019162344881318e-01
7.522168776864168738e-01
6.367254242714908141e-01
6.287393136921091141e-01
6.029380338791853200e-01
7.422809867809215811e-01
7.905181657172675180e-01
7.392628194652814955e-01
6.608440215006852192e-01
6.204594014865210116e-01
6.330929418595937497e-01
7.173344051767873708e-01
7.020833230075927966e-01
6.322649602706615912e-01
6.219818412652635686e-01
6.302617514808462884e-01
6.236912356928372425e-01
6.583333246919333970e-01
7.880608981682194480e-01
6.837072607734773211e-01
6.640758537169959563e-01
7.097489304649524655e-01
7.911858937551832227e-01
7.504006382714734080e-01
6.240117567249088282e-01
6.339209425525786923e-01
6.179754344316629178e-01
8.053952991866912825e-01
7.592147463598311052e-01
7.954861077870059027e-01
6.129807725580582733e-01
5.978632464240758448e-01
6.292467929550216166e-01
7.855769231533391572e-01
7.743589723976249672e-01
7.272168819466207079e-01
6.317307711539104087e-01
6.177617480389328009e-01
7.788995711339843364e-01
7.542467919520587927e-01
7.976495776898586687e-01
6.285523443172374991e-01
6.076923078642442189e-01
6.044871858997732383e-01
7.371260725503039346e-01
7.814369642645375702e-01
7.753205076337623680e-01
7.444711593735930943e-01
6.436431633833890054e-01
6.146901653936275300e-01
6.155715750482601001e-01
7.045405989146640291e-01
7.872596129010884791e-01
7.168536317877025610e-01
6.446848245990326465e-01
6.007478660625270583e-01
6.028846089974937428e-01
7.558760723401594106e-01
7.848824753115573039e-01
7.999732852236837166e-01
6.271901676415376770e-01
6.097756390515556291e-01
6.083600446581840515e-01
7.879540607428703325e-01
7.713675220998432724e-01
7.818643115779273511e-01
6.274839728497542124e-01
6.334134561256465901e-01
6.504807697497625441e-01
7.239316184806008359e-01
7.891559862555601601e-01
7.264957258430045917e-01
6.432425235358314453e-01
6.256410259689785258e-01
6.141025740812476874e-01
7.752403868282706778e-01
7.652777808949222660e-01
7.880341855283730101e-01
6.268162360558142687e-01
6.280715812761813455e-01
6.275106811115884753e-01
7.858974322453777805e-01
7.724091908775078119e-01
7.896634571604492780e-01
6.393429557195841051e-01
6.227029949808732256e-01
6.356837535038207809e-01
7.870192238185395039e-01
7.633546996766176207e-01
6.239316196013718896e-01
6.267895309779888402e-01
6.360576950395717688e-01
7.832799135333197160e-01
7.720886746214494778e-01
7.970619668754247433e-01
6.104700912713494354e-01
6.256944409006426344e-01
7.912393194328770640e-01
7.734508477151393890e-01
7.917735057636203777e-01
6.375801276542947260e-01
6.080128181502859608e-01
6.196581205974021067e-01
7.543536377354309597e-01
7.316773483354567231e-01
7.602831218073256014e-01
7.894497914637763625e-01
6.168536289284626273e-01
6.598290633728616239e-01
6.185363186762118382e-01
7.850160233867473636e-01
7.619123986134161974e-01
7.743322601557797169e-01
6.272970106389023082e-01
6.392895336239001747e-01
6.475427451296749126e-01
7.805555554059071532e-01
7.686164521285865359e-01
7.757211470833191846e-01
6.440438012409414048e-01
6.239850401050512918e-01
6.536591926064246882e-01
7.928151741432838406e-01
7.643696558144357223e-01
7.902510679748830924e-01
6.473824684945945762e-01
6.025640975174486602e-01
6.375534158104504412e-01
7.783386725613958834e-01
7.608173085360701027e-01
7.652243635752515871e-01
6.193108964775106973e-01
6.024305558102762692e-01
7.930288541679961778e-01
7.530181581775347022e-01
7.737179482435314615e-01
6.010416676887333498e-01
6.355235075148252255e-01
6.454326853824731147e-01
7.940705125976321721e-01
7.564369693207435574e-01
7.685630324209091757e-01
6.185363198702151788e-01
6.302350440150141786e-01
6.384882531327824573e-01
7.719284166924209600e-01
7.552350434100525423e-01
7.626869684546930817e-01
6.730502133663647246e-01
6.344284238054966885e-01
6.327991469994058704e-01
7.926014996905865750e-01
7.645299153354686572e-01
7.809027767397908049e-01
6.153846104494016256e-01
5.994658129783267952e-01
6.207532226147814969e-01
7.590010727031363258e-01
7.597489338845777596e-01
7.803418833412165689e-01
5.974893192163643896e-01
6.259882421288479604e-01
6.321314082154605440e-01
7.917200832699353708e-01
7.546474290136088170e-01
7.819444439254510382e-01
6.198450820122518579e-01
6.199252091857612168e-01
6.493322635467490000e-01
7.863247887127928770e-01
7.688835407169456460e-01
7.894497823097511580e-01
5.997596150025342743e-01
6.215010619061624997e-01
6.273771318423950749e-01
7.928685835029324336e-01
7.607638868383872488e-01
7.836004214313549987e-01
6.285790565590827494e-01
5.934561937729008196e-01
6.346420942781827446e-01
7.841346089561016530e-01
7.629540574410531573e-01
7.836004254113659862e-01
6.192574696058136263e-01
6.132745777662748088e-01
6.041399546158618961e-01
7.918002215874755390e-01
7.728365409769053507e-01
7.818910321777956529e-01
6.344017159416633911e-01
6.377136777194900574e-01
6.347756359853551356e-01
7.783119615135538627e-01
7.701923072369943890e-01
7.645566275773141296e-01
6.417200829610865132e-01
6.191773476063185955e-01
6.196046949197083764e-01
7.864583367879828257e-01
7.682692375607214075e-01
7.716613312880706843e-01
6.238247877480382897e-01
6.163995717612341663e-01
6.272970062608901332e-01
7.831730745159662943e-01
7.576923041930819780e-01
7.741987152645983805e-01
6.109508610784243343e-01
6.162125952223427294e-01
6.536858988782533464e-01
7.879807705967090126e-01
7.476495766582396119e-01
7.745192287346491788e-01
5.974358899566607484e-01
6.345352484948104665e-01
6.517895259217827419e-01
7.796741449552723191e-01
7.615117508058364404e-01
7.751869635385835178e-01
6.096421005283919614e-01
6.335737128606718782e-01
6.372061952725689427e-01
7.874198704321160314e-01
7.500267102677597997e-01
7.836004226253582283e-01
6.012286283075809479e-01
6.121260747472699881e-01
6.307425161139068592e-01
7.913728671100658252e-01
7.571314123865121593e-01
7.898771375831630248e-01
6.367788443771693618e-01
6.326923051960446909e-01
7.777243670171651857e-01
7.622328973574260536e-01
7.907852539076254406e-01
6.381944419545495517e-01
6.083600351061576594e-01
6.045673098892737629e-01
7.336538536394507926e-01
7.849626132310965065e-01
6.937232895985118164e-01
6.276976524764656951e-01
6.542200848109955835e-01
7.814369630705342296e-01
7.627403829883560027e-01
5.934294902870798083e-01
6.229166750055856738e-01
6.716079019551348672e-01
7.931623910991554283e-01
6.977296968301136548e-01
6.362446572504236730e-01
7.081997852103834035e-01
7.862980728889377158e-01
7.608440104298865858e-01
7.943376075540088399e-01
6.003472230309604418e-01
6.169871750136470823e-01
6.405982870099127258e-01
7.830128213629508060e-01
7.700053394541270801e-01
7.853365396428056977e-01
6.086004249847087877e-01
6.222489350276370068e-01
6.498664510714956544e-01
7.800747915688488465e-01
7.566239315315953506e-01
7.982104671084216951e-01
6.094818406093578389e-01
6.178418779984498066e-01
6.096688075962228837e-01
7.838141042420752047e-01
7.497329090395543627e-01
7.827991437262449281e-01
6.006677349090066009e-01
6.217948746763997114e-01
6.620459346753408969e-01
7.756944372294802825e-01
6.377403875733288485e-01
6.104967919711627999e-01
7.237980759774262918e-01
7.793803473090769041e-01
6.919337616294112259e-01
6.171207230888371420e-01
7.341346230485246149e-01
7.768162399466730372e-01
6.910790598386118422e-01
6.065705174850857251e-01
7.582532039596738827e-01
7.844551351621873447e-01
6.774572612415267203e-01
6.413194474915407950e-01
7.423076934507515379e-01
7.777510705029861970e-01
6.923344030689734252e-01
6.377136785154923215e-01
5.957264951310861090e-01
7.161324844401106837e-01
6.990918770878232769e-01
6.424412390647026294e-01
6.891025589126298367e-01
7.862980812469608782e-01
6.785790579887026608e-01
6.502937999768898525e-01
6.974091849520674957e-01
7.712606830824898507e-01
6.913995749006667246e-01
6.021100471162388335e-01
7.043002158021316461e-01
7.849358989992456515e-01
6.716880378846683541e-01
6.442841879354836987e-01
6.100961529196071709e-01
6.244391044362996857e-01
7.521367580749285242e-01
7.258546985049023625e-01
6.564102494436450108e-01
6.127403906395293420e-01
7.554220080089110168e-01
7.792200810220251128e-01
7.468750024389506637e-01
6.442040611599755273e-01
6.242521350614280706e-01
6.396100443079431042e-01
7.584401749265499149e-01
7.657852613518379981e-01
7.321314106766992902e-01
6.292735091768777433e-01
6.711271305560556621e-01
6.279647339008047613e-01
5.959401675937776588e-01
6.047809835459686534e-01
7.122061900539785606e-01
7.702457281386749788e-01
6.864316260649098167e-01
6.072916755787073351e-01
6.986111116587605530e-01
7.848290556038800547e-01
6.841346176388936051e-01
6.285790569570838260e-01
5.938835442702994349e-01
6.466346120891662830e-01
6.231837580219292683e-01
7.672809872967309985e-01
7.590010731011375134e-01
7.901442337335429222e-01
6.018162367340081920e-01
6.220886683425841390e-01
6.262553354932203220e-01
7.831730784959772818e-01
7.519765025339065767e-01
7.894764961436007145e-01
6.112980848003146672e-01
6.300747884739921201e-01
