6.642628187138555074e-01
6.690170950869209765e-01
6.783653799539957063e-01
7.108173079024522334e-01
6.599893161278758136e-01
6.739850403406680845e-01
6.639690174856501814e-01
6.173611145593926874e-01
7.020299096679329942e-01
6.565705101586813974e-01
6.835470076204619438e-01
6.966346135187861943e-01
6.631677365965312765e-01
7.276976505596921552e-01
7.474626033033571204e-01
6.588675213707053668e-01
7.020566231037816962e-01
6.802884607742993861e-01
6.879807697274746836e-01
6.857638864849621152e-01
7.065705092002947385e-01
6.993589724422011322e-01
6.901442268942920011e-01
6.900908111666257394e-01
7.077724374989923239e-01
7.192040631054048561e-01
7.162126108176177786e-01
6.984775659715771745e-01
7.219551279026472645e-01
7.810363244169796770e-01
7.310630308511928410e-01
6.981303462296979401e-01
7.193643162584202333e-01
6.982905954027023299e-01
6.536858964902467761e-01
8.450320500593918593e-01
6.705395288956471633e-01
6.787927348294064966e-01
6.818376052328664061e-01
6.905715821677038679e-01
7.046207244961688598e-01
6.868322619324565004e-01
7.087339763171396356e-01
7.284455161191459860e-01
7.238247842392604436e-01
6.981837599673588191e-01
7.177083367625107790e-01
7.322382465100440996e-01
6.922275652456232331e-01
7.002136742330004049e-01
7.380341864867597801e-01
7.020566254917882665e-01
7.337072657851071433e-01
7.210737166560102773e-01
7.191506429997265304e-01
7.587873902904171963e-01
7.221153842396714762e-01
7.760149570675487496e-01
7.312499998280634905e-01
7.718482962849302353e-01
7.750000009297305370e-01
7.893429464764064596e-01
7.881677367875717932e-01
7.686431631764285566e-01
7.656784171604703593e-01
7.971687983307573777e-01
7.954594019131782101e-01
7.933760659498536594e-01
7.966346187660326983e-01
8.151442306673425398e-01
8.439102537102168844e-01
8.882478588602991110e-01
8.902510652621078435e-01
8.671474357127633148e-01
8.866452994700679824e-01
8.380074771041543524e-01
7.799946576293206313e-01
7.859241417012152731e-01
7.821047010584772918e-01
7.932158084188262182e-01
8.260416679530062645e-01
7.989850381437020310e-01
7.841079026842727728e-01
7.788461546103158106e-01
7.815170978060643758e-01
8.043536351850399946e-01
8.053151684311719016e-01
7.930555604398249470e-01
7.898237134974734897e-01
7.960470043695889730e-01
7.918803427909684167e-01
7.841613263719611204e-01
7.904113255059107557e-01
7.913461512862107750e-01
7.718215824510805678e-01
7.814102591867120307e-01
7.677083294361065624e-01
7.781517135345528136e-01
7.588942297057716946e-01
7.475160253990409398e-01
8.154914516032251148e-01
7.863514985666315571e-01
7.599358949014263231e-01
7.206730791964590654e-01
7.004273570437206109e-01
7.611912437038034218e-01
7.094284201789105015e-01
7.392361116014484201e-01
7.462339723148405657e-01
7.372329004236266581e-01
7.388888866855547466e-01
7.650908123160529151e-01
7.760683759792237346e-01
7.121794841801507570e-01
7.323717921972274780e-01
7.349091897057925538e-01
7.074786306987714823e-01
7.255074743850107311e-01
7.025908146085393380e-01
7.134348266145101869e-01
6.943376078787776295e-01
7.051014935072414946e-01
7.110042744913160906e-01
6.907852558243987584e-01
6.978632441093013394e-01
6.774572636295332906e-01
7.010950882656451499e-01
6.824519195331211208e-01
6.794604680413364184e-01
6.830395295515528931e-01
6.921207242382643177e-01
7.222489331108636890e-01
6.864316284529164980e-01
6.976228645787789784e-01
6.687767083923785716e-01
6.901709399321394045e-01
6.588942256525286423e-01
6.566773547480503348e-01
6.752403823770263269e-01
6.477029954966827541e-01
6.618055563388216544e-01
6.630074834435158992e-01
6.535523531910700790e-01
6.521634634775228534e-01
6.760416692361616020e-01
6.888621817701137129e-01
7.183493569365932974e-01
7.326656029774591961e-01
7.172275689454414849e-01
6.976762850824583806e-01
6.873931664750616566e-01
6.937499978603460793e-01
6.925480747356628219e-01
7.355235052000507201e-01
7.330662384470048032e-01
7.393963735104880364e-01
7.402243602734346339e-01
7.233974349358651690e-01
7.051816290387740160e-01
6.969284207170080014e-01
7.257211508277134904e-01
7.321047040068695555e-01
7.378472222859022711e-01
7.114850427063866833e-01
7.158119646020424387e-01
7.358440198641047481e-01
7.472489280546577017e-01
7.215277730272365853e-01
7.136752117170482856e-01
7.233440148301868433e-01
7.181890970175590638e-01
7.179754293308806545e-01
7.115117557442340868e-01
7.583867444728429330e-01
7.495459412566872759e-01
7.748931631063802339e-01
7.279113281963981441e-01
7.182158140354175657e-01
7.831196571962955044e-01
7.535256382364492467e-01
7.341346170785080227e-01
7.407852544680110229e-01
7.711538448611385821e-01
7.743856830474658004e-01
7.603098296711587878e-01
7.617788477522186019e-01
7.844284177463278773e-01
7.821047010584774029e-01
7.955128208248534172e-01
7.829861127031154666e-01
8.110309792443727295e-01
7.729967969159285968e-01
7.858173118378870559e-01
7.682692347747137607e-01
7.921474365533415218e-01
8.311431680479619555e-01
8.437500009552024727e-01
8.129006419490034663e-01
7.908920949149844670e-01
8.189636776780979677e-01
8.288995769416165338e-01
8.268696582979625509e-01
8.498397501201455650e-01
8.148771337209603782e-01
8.345085451554538070e-01
8.141559883633739947e-01
8.286859004989138855e-01
8.166132471563978257e-01
7.861111082900793523e-01
8.122329019710547993e-01
8.700587612250421099e-01
8.024839740724134529e-01
8.407051301537415977e-01
7.942307749046727539e-01
8.109775682927196083e-01
8.353365394804211919e-01
8.348557652953343400e-01
8.533653843606638922e-01
8.505876144855959442e-01
8.399839776321352813e-01
8.678685898263738263e-01
8.883012873240005991e-01
8.716346131494411287e-01
8.941773477082068933e-01
8.803685888902753609e-01
8.434294874851520074e-01
9.079593990603063158e-01
8.558226511137098091e-01
8.417467973394016090e-01
8.755608924115314551e-01
8.848824745887873267e-01
8.695779918159682875e-01
8.394764959812163196e-01
8.426816251097071220e-01
8.675480747643189439e-01
8.451388854947354812e-01
8.353632461502510376e-01
8.574252168719584954e-01
8.939636752455153434e-01
9.139155961700483610e-01
9.040865395058932386e-01
9.139957249355621371e-01
8.457532017849959116e-01
8.797275595621676381e-01
8.747596111244115846e-01
8.263087561433640760e-01
8.519230825014603159e-01
8.988782055675981209e-01
8.573183822326170267e-01
8.254006426049093070e-01
8.625801350825872404e-01
9.072382560907265026e-01
8.955395359259386012e-01
8.430288420655788206e-01
8.610042728101594545e-01
8.346955093563112049e-01
8.590277810382027646e-01
8.662660280481363495e-01
8.482104733140549691e-01
8.598557634231371871e-01
8.747061946007430588e-01
8.364316259757575978e-01
8.605235034010858541e-01
8.519230737454360769e-01
8.633814036336718845e-01
8.588141053915023804e-01
8.100160294745721856e-01
8.629807677661250898e-01
8.384615358633873416e-01
8.545406028055226866e-01
8.292735101193444702e-01
8.486645320732877362e-01
8.576923098383296695e-01
8.826923111501411290e-01
8.595085448752610713e-01
8.705662388959499731e-01
8.687767137128573625e-01
8.439636781939073851e-01
8.500801312426724543e-01
8.510149610029833500e-01
8.535523549295388479e-01
8.456196620678290143e-01
8.864049163575355994e-01
8.569444490548892013e-01
8.394230826415565172e-01
8.680021398915693798e-01
9.216346141810600745e-01
8.901442330107730561e-01
8.491185844645030567e-01
8.768162388259017614e-01
8.404914441590125573e-01
8.601762800771965978e-01
8.598557681991503276e-01
8.756944377007138680e-01
8.518963710556172186e-01
8.481570591783931246e-01
8.665598292763416755e-01
8.543536346246543012e-01
8.815438001711143334e-01
9.066506393062760960e-01
8.830929462216856596e-01
8.520566269946403537e-01
8.830929502016966470e-01
8.627670968954378461e-01
8.574786341916291743e-01
8.445245700004773148e-01
8.053418766930062755e-01
8.754006372685105841e-01
8.865651691125500111e-01
8.555288482935000660e-01
8.357638875898132369e-01
8.299679464190942157e-01
8.427884645250616202e-01
8.594818390014334897e-01
8.630341906578111733e-01
8.308493636357477952e-01
8.464209425589466207e-01
8.694177366729475276e-01
8.530181626287790531e-01
8.778311901877068335e-01
8.799412399848810518e-01
8.873931626415150209e-01
8.877403883534108475e-01
8.239583256216640450e-01
8.514423138883888686e-01
8.751335474861483554e-01
8.614583283853836093e-01
8.509615365192930714e-01
8.423611076596455582e-01
8.547542712882033600e-01
8.815705163929705712e-01
8.566506422546683597e-01
8.619391017744683081e-01
8.706196490516009412e-01
8.587606848878228671e-01
8.606837601361111423e-01
8.481036338987003598e-01
8.642895283161574627e-01
8.170940213414847886e-01
8.659722236359219671e-01
8.580128217163758286e-01
8.647970091710742713e-01
8.619123911246275860e-01
8.710470035290106550e-01
8.550480725164087970e-01
8.446848299195113263e-01
8.257478587647788526e-01
8.537126084805553017e-01
8.613247846882057246e-01
8.769230790372587458e-01
8.576923066543208352e-01
8.387553490316255189e-01
8.334401645339453157e-01
8.493322632952122753e-01
8.524839782880411221e-01
9.013354707286398426e-01
8.568108950096827714e-01
8.598557634231369651e-01
8.346420936286449432e-01
8.213141042197872332e-01
8.555021360516548157e-01
8.558760700253847942e-01
8.443108975377856540e-01
8.321581273697888914e-01
8.740651692526462124e-01
8.726762823251067447e-01
8.516025610713876537e-01
8.535523509495278605e-01
8.502403887737000066e-01
8.572382455070813867e-01
9.127670971310546388e-01
8.000534171732063271e-01
8.484508572225896161e-01
8.595886792127902520e-01
8.694978662344634568e-01
8.656249995160306687e-01
8.424946609088497240e-01
8.719818436373502069e-01
8.814102532899278364e-01
8.577991460696753334e-01
8.559027822672302666e-01
8.637019234717400185e-01
8.527777731482290013e-01
8.727297020327839938e-01
8.532585521093291048e-01
8.400641087856557387e-01
8.280448679867971062e-01
8.589476490886802651e-01
8.635416643487080490e-01
8.531784185678019661e-01
8.429220090182417691e-01
8.595619677669470438e-01
8.760149591307863082e-01
8.600694446418528649e-01
8.528846137575867292e-01
8.656517101658713909e-01
8.715544883639384510e-01
8.766559749268568735e-01
8.772168810614663359e-01
8.529914535709425261e-01
8.682692368379515413e-01
8.474358971047604161e-01
8.672809810019456167e-01
8.229433750558613481e-01
8.736111096974110701e-01
8.797008536883398344e-01
8.738782042557866614e-01
9.081730723190001298e-01
8.374465773375624478e-01
8.306891013287071024e-01
8.650373954676154886e-01
8.573985078141220795e-01
8.485042753382625591e-01
8.730769209786612972e-01
8.848557758789795669e-01
8.723824763208882782e-01
8.392895198403260704e-01
8.735042734660654062e-01
8.560096177025736663e-01
8.340544879882253460e-01
8.530448685026066347e-01
8.419337627342622365e-01
8.702724336877337707e-01
8.457532073570112052e-01
8.278846192117939040e-01
8.478098286904839354e-01
8.810897430038858724e-01
8.470352548691961747e-01
8.441239301529195327e-01
8.304754288660154415e-01
8.772703023611480022e-01
8.513621707948353379e-01
8.761217961581343472e-01
8.883814129055055409e-01
7.951388876471254807e-01
8.637286341215810737e-01
8.467948701646591525e-01
8.521634568579684599e-01
8.507211510187538961e-01
8.401709314849641341e-01
8.607104660099387239e-01
8.418536268047287496e-01
8.419871800539331375e-01
8.656784192237079179e-01
8.757745712422405626e-01
9.057692268656358792e-01
8.768162396219041366e-01
8.702190179600675091e-01
8.753739329866873087e-01
8.551549175037786998e-01
8.268162465503071656e-01
8.767361084683837902e-01
8.826923063741279885e-01
8.528044893700851281e-01
8.301816188817858766e-01
8.744123925765355798e-01
8.310363182845786900e-01
8.789529913128948380e-01
8.689369680598759693e-01
8.399839760401310862e-01
8.680822606970610700e-01
8.673611137474703803e-01
8.266292767774345851e-01
8.366720067002834105e-01
8.636752128218991853e-01
8.559294865490534310e-01
8.288194449920939233e-01
9.336271315940424254e-01
8.773237117207967062e-01
8.294604727281974510e-01
8.664529946370002067e-01
8.697649607928390481e-01
8.648504288787515204e-01
8.373397474742343416e-01
8.428685909025690481e-01
8.707799185226614558e-01
8.729433744954756547e-01
8.453525667134512700e-01
8.482371767998759804e-01
8.562499952430907557e-01
8.850961581955099078e-01
8.418803366585673187e-01
8.267094047469460971e-01
8.822916649345657891e-01
8.662927331259615560e-01
8.369925217623384039e-01
8.651709463288130841e-01
8.501869682700204933e-01
8.422809876501560211e-01
8.534722261640250718e-01
8.651709399607956374e-01
8.398771342367697956e-01
8.666132473920145074e-01
8.427617514872142168e-01
8.583600366822419225e-01
9.016025660830175870e-01
9.420138887870006528e-01
9.189903816351523425e-01
8.306356840090364235e-01
8.515224338978784058e-01
