5.128205125657920860e-01
5.596420959147632157e-01
5.133814183024004718e-01
5.437767082013380548e-01
4.616987247370247793e-01
6.453258575091503912e-01
5.798343991558265742e-01
6.077724422017732886e-01
4.686431593747220625e-01
5.428953013327131316e-01
5.622062008891604012e-01
5.736912334672150671e-01
5.760149609010953853e-01
5.713675195653724614e-01
5.819711556228307492e-01
6.176549169816013540e-01
5.978098291044051660e-01
5.960470113871444431e-01
5.864316200216610486e-01
6.127136760096774104e-01
6.170138876534935202e-01
6.127403866595182436e-01
6.169604679458161600e-01
6.169871777996548401e-01
6.055021380575803525e-01
5.509882537154560112e-01
5.613247792944947578e-01
5.870993544275943110e-01
5.783920941126142745e-01
5.802617496532251895e-01
5.981036271486017686e-01
5.952457221400024867e-01
5.743589674751472529e-01
5.823183725787024478e-01
5.814903862137570378e-01
6.081730780693201943e-01
6.093482893501591668e-01
5.884615370733106143e-01
5.881677294770876196e-01
5.965277760202049029e-01
6.056623892205903470e-01
5.988782081339094621e-01
6.070245718663065393e-01
6.096688060042185775e-01
6.087873919715739435e-01
6.059829018946386592e-01
6.127403874555205077e-01
6.373397401637501680e-01
6.369123952383668463e-01
6.415331195562313793e-01
6.200053419312860914e-01
6.283920927562265391e-01
6.280982891400145318e-01
6.742521317150348414e-01
6.714476416380995571e-01
6.516025688849452768e-01
6.611912376605546537e-01
6.616185889539556442e-01
6.963942316002570410e-01
7.151175195462684542e-01
7.110309787731394771e-01
7.334401712267317741e-01
7.135683750877013232e-01
7.077457312271635548e-01
7.037927333552104203e-01
7.233707234900220717e-01
7.270031999319028770e-01
7.342948738135334219e-01
7.506944470616996323e-01
7.232371813848488262e-01
7.450854748678513717e-01
7.421741437835570609e-01
7.095352548182519703e-01
7.512019263246120238e-01
7.363247916611850297e-01
7.221153834436693231e-01
7.449519232106515121e-01
7.600961532284560285e-01
7.367254267327295603e-01
7.439102540349857851e-01
7.586271375354027846e-01
7.581730684281413613e-01
7.947649584494085317e-01
7.562767086057071708e-01
7.474091859836863305e-01
7.466880318700757080e-01
7.248664562009337065e-01
7.664796976515879656e-01
7.420673067562090219e-01
7.601495713441290825e-01
7.637553371361687216e-01
7.330395258071584763e-01
7.590544880328013999e-01
7.387820428921880733e-01
7.837339703025469895e-01
7.482104704548151464e-01
7.612980839151601842e-01
7.524305541291196331e-01
7.523504205875924944e-01
7.361912344319696544e-01
7.420406000863791762e-01
7.263888836416423356e-01
7.146634607870354650e-01
7.087606817929661407e-01
7.335737149239096588e-01
7.416399554628083646e-01
7.324519265347566588e-01
7.073717956614290481e-01
7.327724384128027069e-01
7.088408081704734576e-01
7.266292771022033747e-01
7.462873896345113556e-01
7.044337610913138370e-01
7.246260627403727783e-01
6.977297063821401579e-01
7.137019275409033359e-01
6.966346159067928756e-01
7.221955082291720007e-01
7.301282046728918562e-01
7.537660261249949922e-01
7.582799146095148268e-01
7.090277827193595117e-01
8.067841865122317158e-01
7.396100531371994080e-01
8.095085414556355552e-01
7.482371787166492982e-01
8.086271369750173132e-01
7.307425185751456054e-01
7.338942351599789804e-01
7.067574718091478303e-01
7.214476454557261498e-01
7.099091883939809833e-01
7.047809844152030934e-01
6.834935910967934181e-01
6.720619678783874562e-01
7.058493614547018957e-01
7.092948721037206639e-01
7.090811940690135984e-01
6.978365430114870094e-01
7.212339781670488170e-01
7.337339696689293422e-01
7.154914547140016623e-01
7.134081183526759240e-01
6.849091930521858940e-01
7.153846204726613811e-01
7.202190152632119702e-01
7.067307742933431891e-01
6.665331224600473670e-01
7.092414539880477209e-01
7.158119646020424387e-01
7.130876080666341821e-01
7.091613224365261869e-01
7.669337643708427077e-01
7.260149584239363740e-01
7.080395260873513230e-01
7.146100466513736205e-01
7.176816193466513116e-01
7.215010723274233317e-01
7.035523574066977481e-01
7.182158156274220939e-01
7.080395312613656511e-01
7.218750019231412463e-01
7.326656025794581195e-01
7.234775648953823968e-01
7.219551243206374647e-01
7.465010680672194976e-01
7.354166665806983749e-01
7.186698680186373034e-01
7.321047004248597556e-01
7.361111128304757001e-01
7.455395280550688453e-01
7.020833361416289886e-01
7.296741443216546719e-01
7.584668764223654325e-01
7.202457283010593736e-01
7.369925157190897469e-01
7.583066228713489787e-01
7.244658159553749588e-01
7.259615422982690358e-01
7.150373943627644779e-01
7.577991444044388514e-01
7.476495742702330416e-01
7.129273501376056643e-01
7.100427289071500336e-01
7.311431596167067282e-01
7.307425293211753381e-01
7.336538492614388396e-01
7.212339769730455874e-01
7.383012818411374134e-01
7.128205135082587018e-01
7.188835520233608500e-01
7.536591831276304720e-01
7.180555628724077932e-01
7.126869694130797406e-01
7.078792745263403630e-01
7.040331228357604720e-01
7.356036359555701010e-01
7.236378172523955099e-01
7.330662364569994205e-01
7.398771389395507603e-01
7.398237184358712470e-01
7.332799184717173624e-01
7.323450839353932151e-01
7.205395251512527466e-01
7.259615426962700013e-01
7.187232913083245744e-01
7.485309819348601179e-01
7.495192333928539785e-01
7.248931648607691569e-01
7.165598305594971240e-01
7.356036271995458620e-01
7.232905971125149769e-01
7.067307719053366188e-01
7.303418823095978452e-01
7.638621765515233308e-01
7.240384614779653560e-01
7.198183817836718568e-01
7.177884619460145332e-01
7.294337596171176497e-01
7.187232821542992589e-01
7.303952984352651834e-01
7.339476405396164749e-01
7.468215823332723380e-01
7.267361081595348216e-01
7.364850464062048241e-01
7.289262775681977224e-01
7.368055523142346130e-01
7.468215787512624271e-01
7.048878178605411104e-01
7.178418784696831700e-01
7.267895310512210161e-01
7.232371817828497917e-01
7.311698714605509020e-01
7.100160214413179238e-01
7.138087601902393109e-01
7.527243585413337934e-01
7.095886789039413944e-01
7.181356832798982959e-01
7.222489319168604593e-01
7.240117512261255994e-01
7.401175168780689262e-01
7.100427364691709320e-01
7.070779940352225346e-01
7.325320469422471614e-01
7.245726497987141634e-01
7.279380424282488882e-01
6.982371764910272338e-01
7.204861026575677396e-01
7.231837596871658613e-01
7.209668828126711837e-01
7.262553435264743618e-01
7.218750011271390932e-01
7.111645244603228555e-01
7.092414519980421161e-01
7.249198715305990026e-01
7.049145352764007999e-01
7.079059923402009069e-01
7.300747845672134195e-01
7.143696488128004063e-01
7.267361145275526013e-01
7.291933741165786964e-01
7.271634646269500291e-01
7.142361090956335090e-01
7.201388956517235096e-01
7.195779871291074770e-01
7.193643142684148506e-01
7.547008534972994287e-01
7.228899604489661401e-01
7.289529910040460914e-01
7.113782100570507083e-01
7.296207246139772007e-01
7.187499979781543091e-01
7.283119696359604545e-01
7.026976512378861894e-01
7.165064144338297858e-01
7.336271358255901376e-01
7.182959431989325294e-01
7.222489299268548546e-01
7.290331173815532972e-01
7.365651767637231284e-01
7.233974297618509519e-01
7.282318408704465673e-01
7.226762772402447466e-01
7.065170970546383877e-01
7.291933765045852667e-01
7.062767163301124640e-01
7.463942302438693055e-01
7.271634610449401181e-01
7.225427363290746197e-01
7.257745749134028035e-01
7.450854688978347795e-01
6.980769269200217675e-01
7.282318384824399971e-01
7.616185906191921262e-01
7.237179531819291078e-01
7.322115406362164070e-01
7.097489312609546186e-01
7.294070418032569947e-01
7.538194426486634070e-01
7.260950891794557549e-01
7.263621821458268180e-01
7.209401725608315381e-01
7.220352530861511298e-01
7.064903804347810734e-01
7.365117514840302526e-01
7.193376119765969579e-01
7.413995719522747940e-01
6.945512711874439749e-01
7.303151736497625057e-01
7.211271399456975484e-01
7.075320555804630596e-01
7.436965827662975759e-01
7.108974406479769970e-01
7.181089801920784721e-01
7.158653870957273346e-01
7.276175301522015415e-01
7.217948775356396451e-01
7.450854736738480311e-01
7.482371795126516734e-01
7.426816254344761337e-01
7.336805555332673867e-01
7.639690139768724464e-01
7.237446562697490426e-01
7.279914490018899453e-01
7.231036277376433619e-01
7.319444436898342454e-01
7.526976518715038367e-01
7.255876134985532744e-01
7.390491450125844519e-01
7.395833432833607279e-01
7.284455125371359641e-01
7.280448679135650414e-01
7.263888864276500934e-01
7.061965855745933052e-01
7.328792690721332992e-01
7.199252172190154786e-01
7.328258517524625093e-01
7.246527801562323567e-01
7.283386782957956829e-01
7.188034248498514911e-01
7.286858916696575816e-01
7.326388859596006942e-01
7.318376098464950408e-01
7.062500013022596779e-01
7.265491503266952034e-01
7.194444497999472610e-01
7.288194449188617474e-01
7.181623931337370870e-01
7.133012833153334897e-01
7.310897426950371258e-01
7.265224444528675107e-01
7.024038492136785994e-01
7.240651729238084533e-01
7.289797064299001761e-01
7.326121788917697719e-01
7.552617536618924099e-01
7.528044865108453054e-01
7.305822642281269985e-01
7.369658170092818761e-01
7.297809837370090591e-01
7.298878199683549450e-01
7.340812009528405735e-01
7.130608974167933489e-01
7.058226500088586874e-01
7.272168807526174783e-01
7.283386735197824313e-01
7.173611102546127993e-01
7.114850423083856068e-01
7.646901676924818814e-01
7.796207216655850480e-01
7.073717873034059966e-01
7.152243641356372805e-01
7.308226596786934204e-01
7.225427335430668618e-01
7.077190233633304794e-01
7.212339793610522687e-01
7.121794861701563617e-01
7.208867448931320920e-01
7.140491520587960439e-01
7.154914555100039264e-01
7.157585456903673427e-01
7.002938065805240919e-01
6.936431592409936231e-01
7.146100470493746970e-01
7.197649596879879264e-01
7.258547044749187327e-01
7.257478654575653110e-01
7.290865370892305464e-01
7.181356888519138115e-01
7.272702992662913868e-01
7.466613307722611559e-01
7.217147455861170346e-01
7.281517049409130804e-01
7.307959358948162842e-01
7.251068401094684646e-01
7.341613257383433622e-01
7.037660246953750809e-01
7.114049107568640729e-01
7.107905960586081706e-01
7.277243544435143541e-01
7.274572642631509378e-01
7.294604674809508360e-01
7.079059887581909960e-01
7.140491480787849454e-01
7.199252152290098739e-01
7.321581233165457281e-01
7.055288487806533615e-01
7.017093938098758477e-01
7.150641054106063876e-01
7.068910278443596429e-01
7.202724393489015053e-01
7.103899550170470478e-01
7.238247906072781124e-01
7.086271369017851374e-01
7.233440176161944901e-01
7.128739324199337979e-01
7.408386721856828894e-01
6.984775651755750214e-01
6.865651705580898545e-01
7.167734994401788740e-01
7.467681614315916372e-01
7.510149573477413742e-01
7.688568384251278642e-01
7.216613298584508840e-01
7.302083326424034793e-01
7.407318359543371145e-01
6.926816299748725925e-01
7.245192304890378798e-01
7.323718013512526825e-01
7.053685816975994172e-01
7.287927302890099268e-01
7.103098298335431826e-01
7.329861120694978194e-01
7.224626095535662262e-01
7.319177378160066638e-01
7.148504253858938284e-01
7.303418807175933170e-01
7.377403864525575727e-01
7.262286296926248053e-01
7.254006512877013702e-01
7.415598330653121462e-01
7.012019225069854311e-01
7.259348256784117215e-01
7.196314159908100416e-01
7.318910291561713244e-01
7.348824814439584019e-01
7.017895273514027643e-01
7.119123947957896048e-01
7.305021386466218347e-01
7.173076857709222987e-01
7.488247923170907594e-01
7.131677368321478472e-01
7.036057695523540989e-01
7.131410194162884908e-01
7.156517042850072396e-01
7.243856867918601061e-01
7.438034166096365585e-01
7.002670935426766885e-01
7.089209413139992977e-01
7.266559849660365611e-01
7.269764988340882139e-01
6.950320501485441893e-01
7.188034184818338224e-01
7.179754233608642844e-01
7.220886719978263368e-01
7.181623915417326698e-01
7.240651677497940142e-01
7.180288526205680366e-01
7.297542762711770603e-01
6.847222149212900399e-01
7.305021378506197927e-01
7.241452969133088668e-01
7.283119688399581904e-01
7.047809816291954466e-01
6.965544923152934276e-01
7.339743575574750878e-01
7.274305579913222797e-01
7.107905984466147409e-01
7.270833294934185842e-01
7.640224372665597175e-01
7.053151731339529773e-01
7.256410216641986377e-01
7.277777725591871860e-01
7.253205121741590489e-01
7.175213665916370109e-01
7.278311906748602400e-01
7.290064154877367031e-01
7.524572691569725302e-01
7.365117574540469558e-01
7.375267060298440480e-01
7.219818413384958555e-01
6.995726500789068991e-01
7.268429499628961121e-01
6.901976473979715143e-01
7.305822690041400280e-01
7.218749983411313353e-01
7.270566204355821682e-01
7.246260671183848423e-01
7.211538541775482924e-01
7.183226403167358720e-01
