3.841346237872145797e-01
3.811698789652596675e-01
3.953258495650485704e-01
3.594551335574469597e-01
4.577991465727487830e-01
4.686698672385551379e-01
4.828792718740609891e-01
5.042735081898350735e-01
4.173344081410994555e-01
4.505341905049788376e-01
5.225160239407649065e-01
4.278044885613470072e-01
4.282318342827324265e-01
5.084134599146170608e-01
4.260149578062387143e-01
5.007478632032870136e-01
4.767628164372892385e-01
5.377938056157693936e-01
4.362713697438056482e-01
5.099893190030359014e-01
5.300213782451090871e-01
5.213141115621113819e-01
4.671741420896644570e-01
4.354967983105243468e-01
4.812767116878277074e-01
4.226228620888840548e-01
5.043803372571611376e-01
5.099893174110314842e-01
4.920406012963026154e-01
4.476228602166868464e-01
5.362446627492069018e-01
5.466880364996244968e-01
4.803418803355122835e-01
5.207799176693471699e-01
4.971688080610882077e-01
5.738515009482700879e-01
5.395566297010478962e-01
5.774839718181353776e-01
4.337339670612261888e-01
4.780715801713302793e-01
4.580929422289387043e-01
4.720352566840811392e-01
4.897970157619724318e-01
4.749999963320218344e-01
4.772703052522280220e-01
4.803952976551830178e-01
4.840811985807541573e-01
4.814636742966806882e-01
4.869123929395126060e-01
4.821314063146073248e-01
4.816239334197126021e-01
4.933760653321559997e-01
4.957532017276836678e-01
4.948985126729194550e-01
4.884348267482385708e-01
5.029914527176282402e-01
5.082799178094435932e-01
5.056356860595381253e-01
5.121794896057019209e-01
5.120726462103362131e-01
5.142628215890154841e-01
5.137553359580854240e-01
5.181089720855920344e-01
5.286591836593599325e-01
5.192307692307691624e-01
5.305021396941609346e-01
5.307425267867044161e-01
5.306356810033321381e-01
5.071314084224212149e-01
5.445245693827795996e-01
5.310630338887374347e-01
5.351762861077091760e-01
5.496794836133973572e-01
5.485576968162487743e-01
5.414796914172986808e-01
5.416666619861737475e-01
5.412393210408015243e-01
5.413461612521582866e-01
5.594818407717422337e-01
5.603098311166987422e-01
5.547275632046736460e-01
5.701388869848516006e-01
5.523504291971523816e-01
5.651709425271067566e-01
5.771634607360912606e-01
5.827991491517958700e-01
5.846420948385683269e-01
5.903579072437734609e-01
5.756143234415441734e-01
5.754273417286384085e-01
5.711004202309837297e-01
5.984241565386964057e-01
6.054487143698920049e-01
5.807692201601134530e-01
6.104166659916567816e-01
5.993055546512969789e-01
5.814102622242565133e-01
5.963675264491994366e-01
6.066773493384193250e-01
6.063301244225257625e-01
5.834401689278774228e-01
5.937232915152850232e-01
6.168002056387754672e-01
6.165064123705920052e-01
6.031784205737276139e-01
6.151175318110703172e-01
5.951388906846698523e-01
6.155181629026037493e-01
5.938034186887944932e-01
6.026442362329899050e-01
6.138888785344922550e-01
6.165331198364242260e-01
6.297008525102566479e-01
6.329594005504224352e-01
6.347489328975350897e-01
6.266826875826231324e-01
6.235844082175157066e-01
6.327991493874125517e-01
6.368856766285040383e-01
6.325053401991852509e-01
6.058226459556155241e-01
6.162660244820464817e-01
6.418536314342775384e-01
6.364316242372887178e-01
6.437232909548995519e-01
6.552350413468148727e-01
6.353899518776142674e-01
6.519230735989716141e-01
6.579326896203889774e-01
6.555288457590290330e-01
6.681623861321017710e-01
6.740651659221730263e-01
6.735576906392717333e-01
6.777510684397485274e-01
6.857104711552970411e-01
6.875534200260782214e-01
6.939369692252232991e-01
6.992254295410252896e-01
6.967414537301429567e-01
6.924946562219888024e-01
7.063568403196129886e-01
7.001869715431816577e-01
7.089743614196777344e-01
7.227831194416070026e-01
7.201655951575336445e-01
7.211538478095306237e-01
7.317307668491307426e-01
7.387286307465316115e-01
7.320779909690220411e-01
7.335202944202300346e-01
7.176282044149870920e-01
7.275373922326625609e-01
7.473824721498365520e-01
7.507478659733748394e-01
7.215010703374177270e-01
7.348290573582690888e-01
7.302617479720685534e-01
7.549145172039668505e-01
7.523504301396191085e-01
7.712072605888049548e-01
7.656517256146821993e-01
7.575320494480621836e-01
7.755609022883269699e-01
7.819177360616179628e-01
7.863515017506403915e-01
7.790865409068572500e-01
7.740651695774152241e-01
7.828525690059376929e-01
8.052884641493487372e-01
7.943108933221579848e-01
8.012286284540452996e-01
7.975160264306597746e-01
8.042200890998555396e-01
8.236111102577967635e-01
8.095352600654984743e-01
8.138888938049984034e-01
8.133814121540795528e-01
8.125801276829508479e-01
8.240651690170295307e-01
8.287393114505668956e-01
8.334401661259496219e-01
8.382211511588504305e-01
8.408386722589150652e-01
8.571581135575586652e-01
8.477297015169745764e-01
8.620993608975002775e-01
8.680021359115582813e-01
8.721153944985479134e-01
8.781249930079165766e-01
8.807425236600077145e-01
8.819978637063603522e-01
8.910523473452298671e-01
8.937232881529717510e-01
9.007478563321960063e-01
8.964209427945635245e-01
8.945245758081092902e-01
8.920406047732400978e-01
8.975694529775879449e-01
9.058493627951694771e-01
9.074252131275640787e-01
9.092681683663628167e-01
9.089743591781355159e-01
9.191773514080250340e-01
9.161324806065640480e-01
9.249198641150425670e-01
9.275373899911203424e-01
9.309294880964817942e-01
9.360042775415966521e-01
9.342681633101569405e-01
9.452190123434759395e-01
9.498931659210440026e-01
9.654380318063955357e-01
9.465010646316739384e-01
9.563568391096898269e-01
9.489583377527375241e-01
9.585202966745083319e-01
9.586805605735533309e-01
9.633546950470688319e-01
9.547542717594367234e-01
9.669337565572853066e-01
9.736378208184853777e-01
9.739850433463723700e-01
9.767895405873272541e-01
9.725694505450052096e-01
9.673878264605488830e-01
9.723824791801281009e-01
9.763888887997366206e-01
9.792735068461831949e-01
9.724091834619513763e-01
9.612446555979231588e-01
9.769764976241648302e-01
9.792468073403732820e-01
9.779113242004672246e-01
9.744391100656271121e-01
9.709668831947522172e-01
9.702457274891370664e-01
9.572916577259698023e-01
9.638087601743192678e-01
9.630609065548986214e-01
9.808226417527239338e-01
9.797542778472614344e-01
9.673344035688627995e-01
9.818376002785486056e-01
9.721955078152508811e-01
9.621527778924021668e-01
9.738782071150264841e-01
9.742788461665821131e-01
9.630609001868810637e-01
9.770032082740057744e-01
9.703525684964962039e-01
9.724625999856199021e-01
9.725160149172838997e-01
9.843483026593158325e-01
9.821314222028112439e-01
9.761485040951997094e-01
9.740651689278774228e-01
9.681891029716557240e-01
9.740651752958948695e-01
9.750534215798745130e-01
9.698718006794269098e-01
9.732638844567486069e-01
9.874999969560875890e-01
9.752937983243892273e-01
9.631677252741959183e-01
9.741987205850771714e-01
9.795940266842515509e-01
9.780982844213134131e-01
9.735042739372986587e-01
9.554220141253919607e-01
9.686431680989062709e-01
9.775373957987523177e-01
9.721955125912641327e-01
9.592681582539508423e-01
9.672275657455126074e-01
9.713408163724800426e-01
9.686164510810476580e-01
9.749198635546569847e-01
9.732906046586158322e-01
9.631944454760632546e-01
9.646100494214611132e-01
9.765224356809232287e-01
9.740384662380584535e-01
9.764155946735642022e-01
9.631677332342178932e-01
9.703258482946288677e-01
9.754006409237528930e-01
9.692841823029721970e-01
9.751602498511982020e-01
9.683760647845063296e-01
9.784187947073552660e-01
9.782051238366680224e-01
9.762019222108726524e-01
9.827991422807048627e-01
9.770299077798159093e-01
9.689369597750852048e-01
9.688835448434208741e-01
9.663194418590292933e-01
9.807692268210597142e-01
9.709134698550924147e-01
9.852029909180779477e-01
9.821314078747717113e-01
9.688568485216197956e-01
9.668803464016343385e-01
9.760149460699821811e-01
9.795138931427246343e-01
9.761752131530361254e-01
9.719818242085285220e-01
9.629807714213672876e-01
9.651709284919959275e-01
9.705395207573205285e-01
9.677083383385952642e-01
9.778311954349534485e-01
9.775908059544031747e-01
9.746260718784780508e-01
9.647168792847893304e-01
9.704594079118508132e-01
9.852297015679187808e-01
9.735309814031307685e-01
9.719818369445637485e-01
9.706997782883479697e-01
9.826923060493593098e-01
9.853899575069420269e-01
9.834134553869564588e-01
9.799412364761034278e-01
9.650641113647028257e-01
9.728098304735288693e-01
9.772168886967194101e-01
9.854166824848223927e-01
9.821848307664575728e-01
9.712606844229576541e-01
9.781250030311763322e-01
9.730235093042380878e-01
9.829861136455821935e-01
9.861110957005083666e-01
9.798878183604304848e-01
9.790865370733103923e-01
9.748664533990061276e-01
9.642361066917068957e-01
9.788194433109371762e-01
9.728098288815245631e-01
9.842948718076076631e-01
9.713140913945996768e-01
9.665865451734290126e-01
9.654380365824088983e-01
9.755074787471029740e-01
9.760416583118276534e-01
9.798878151764216504e-01
9.790865466253370064e-01
9.754807680972621409e-01
9.719017049950411380e-01
9.816239294078614730e-01
9.750000002801927357e-01
9.806623762616744067e-01
9.750534247638832364e-01
9.727029942421832054e-01
9.771901764548740488e-01
9.819978737296202187e-01
9.765491511067773134e-01
9.746794836261332140e-01
9.711805461054173749e-01
9.751335439773706204e-01
9.771901748628697426e-01
9.858974359738520432e-01
9.795940187242295760e-01
9.668269251019526722e-01
9.792467993803511961e-01
9.845619735300029651e-01
9.769497853823196909e-01
9.674946499558594315e-01
9.756410351803159742e-01
9.866987156689676075e-01
9.617788415306653960e-01
9.718215794135361962e-01
9.700587624922776264e-01
9.792467993803513071e-01
9.830662360430781899e-01
9.809828992837513750e-01
9.742521355167411690e-01
9.690170996846296791e-01
9.753205121582388948e-01
9.801014940071309800e-01
9.796474368399025190e-01
9.762820430163644536e-01
9.692307689633123946e-01
9.657318378106142243e-01
9.779647455001487799e-01
9.727296953399975354e-01
9.891559840140178306e-01
9.701388880737826792e-01
9.673611062586816578e-01
9.758279954011621626e-01
9.759081193906629093e-01
9.720886827279359155e-01
9.646100430534434444e-01
9.710737210181024093e-01
9.835470102281651528e-01
9.787660204192512037e-01
9.823450835214720955e-01
9.828792694542143327e-01
9.653846152827270100e-01
9.692040583134715614e-01
9.707799166058881379e-01
9.744658047954241065e-01
9.851228589685553372e-01
9.745459447049684698e-01
9.690170965006208448e-01
9.740384598700408958e-01
9.747062022359961331e-01
9.830395158412109646e-01
9.828525795004307009e-01
9.855502118539607448e-01
9.781784291068711390e-01
9.732371722149032456e-01
9.839743631135702273e-01
9.736378192264807385e-01
9.822916669978034587e-01
9.678418788517640925e-01
9.773504419459236869e-01
9.727831214156924533e-01
9.755608920867625544e-01
9.803151664698225298e-01
9.880341844808341323e-01
9.664529871482114842e-01
9.802083445665163985e-01
9.765224277209012538e-01
9.892361095955228834e-01
9.711271391337754633e-01
9.751602562192158707e-01
9.817574778810523872e-01
9.836538464595108167e-01
9.713140929866040940e-01
9.678418756677553692e-01
9.802617435781364463e-01
9.791666690228331138e-01
9.810630312332738745e-01
9.751335455693749266e-01
9.716880389003671459e-01
9.819711551197572996e-01
9.756143133864443318e-01
9.829326907538958880e-01
9.778579029007855583e-01
9.783386770858724102e-01
9.717681581138544189e-01
9.726228575166472323e-01
9.774305452393670102e-01
9.837606842828612308e-01
9.732905966985938573e-01
9.753472100720446125e-01
9.820779849830855168e-01
9.800213700176303444e-01
9.740117555882176203e-01
9.758012863433257467e-01
9.752136822949106776e-01
9.854166522367386882e-01
9.818108912207121897e-01
9.854700878644601092e-01
9.774839681310530937e-01
9.727296953399976465e-01
9.602029911982706833e-01
9.702991456048100094e-01
9.741987126250553075e-01
9.780715817314946658e-01
9.731303407595708332e-01
9.775373973907567349e-01
9.776175134202353956e-01
9.797809821290845989e-01
9.825053426445039539e-01
9.791933701206476659e-01
9.619123931878650335e-01
9.686164542650563813e-01
9.764957250310823955e-01
9.766559825621099478e-01
9.644497839304116971e-01
9.687499963702298489e-01
9.819177274520580756e-01
9.709668831947519951e-01
9.743322690582683077e-01
9.801549105307995058e-01
9.819444428779120493e-01
9.748397427491652945e-01
9.631944438840588374e-01
9.701388896657867633e-01
9.653579094088994283e-01
9.791933733046563892e-01
9.847489241988229836e-01
9.862713691515800907e-01
9.778044911531300620e-01
9.781517168650259997e-01
9.707799166058881379e-01
9.841613281104300004e-01
9.841079131787658918e-01
9.759882370121459871e-01
9.760950780195047916e-01
9.736111149446577961e-01
9.776442288460893693e-01
9.764957218470735612e-01
9.770299109638246327e-01
9.865918778456173044e-01
9.722489338909459100e-01
9.667200825025893396e-01
