4.829594046195857526e-01
5.380609017661494020e-01
5.281517043964475411e-01
5.306089703534913049e-01
4.703525693243384986e-01
5.131944433555134522e-01
6.024305558102762692e-01
6.086004277707164345e-01
5.951121808308311723e-01
5.036324784637261631e-01
4.981303417052213578e-01
5.414262864356621519e-01
4.612179517459411016e-01
4.890224395526780454e-01
5.188034159473629003e-01
5.106837564967892096e-01
5.507478642349059594e-01
5.706463698297737919e-01
5.919337623521813141e-01
6.004006407486323083e-01
5.728899577521106012e-01
4.821848319923011106e-01
6.004807671261394031e-01
5.070779899087471954e-01
6.157318373553009039e-01
5.930822609931740708e-01
5.869925213802573705e-01
6.050213694445087942e-01
5.280715847849590805e-01
5.542467866315801128e-01
4.810096242934720490e-01
6.357638854533433914e-01
5.908920919825124685e-01
5.694444478990939862e-01
5.446581186519727780e-01
5.313835489507924281e-01
4.887019213066142176e-01
4.813568352793271554e-01
6.160790630671967305e-01
5.799946618608684545e-01
5.737446555628989975e-01
5.939369715399975824e-01
4.781784211786893612e-01
4.609241373836994171e-01
4.884882508339280505e-01
4.918536366974441409e-01
4.912660266790124797e-01
4.946047010966855284e-01
5.036324800557305803e-01
5.020833212691240277e-01
4.895833337472544344e-01
5.296741553192210183e-01
5.328792760896886582e-01
5.254273502490458547e-01
5.157852561937437130e-01
5.522168831119679266e-01
5.351762753616795543e-01
5.360576917823307586e-01
5.216346079181146678e-01
5.503205137375073441e-01
5.174145326018333435e-01
5.594818359957292042e-01
5.485042695465505158e-01
5.604433756098787800e-01
5.439636775762096699e-01
6.063568366643709018e-01
5.667735043053443444e-01
5.647970109413831263e-01
5.705662374822502159e-01
6.120726562335959686e-01
5.802083323335546217e-01
6.048076874297907413e-01
5.783386720169303441e-01
6.206730731532105194e-01
6.263354690347471276e-01
6.463942309666393937e-01
6.388087662048319570e-01
6.580929519274295592e-01
6.910256437129445040e-01
6.838408076546640402e-01
6.470085528289150067e-01
6.508814052193081512e-01
6.605502091284490840e-01
6.776709372862281811e-01
6.543803379640110718e-01
6.857371746411180524e-01
6.922809845552994057e-01
6.962606851170713984e-01
6.922008526057767952e-01
6.958066263578384092e-01
6.712606782332444233e-01
6.844284220511078765e-01
6.819177355903844884e-01
7.014957281132029321e-01
7.055555526644754494e-01
7.134348258185081448e-01
7.146634599910333119e-01
7.076923075394752072e-01
7.164797053759932588e-01
7.045940226023522657e-01
7.053151695519430664e-01
7.060630359073989393e-01
7.278846123725429829e-01
7.123130398173617150e-01
7.226228674825949660e-01
7.294337655871341308e-01
7.250267073639437010e-01
7.235042727592153611e-01
7.059027839483869027e-01
6.995192295752274969e-01
6.956730731086342434e-01
7.286057688741601757e-01
6.985576943390898741e-01
7.062500072722760480e-01
6.770299135301358628e-01
6.837072607734774321e-01
7.027243559177105414e-01
7.111645288383349195e-01
7.166666648008374052e-01
7.396100439831742035e-01
7.352029945160077906e-01
7.433493582484048678e-01
7.413194411967554132e-01
7.487179568817473596e-01
7.451923158752103982e-01
7.525106844866378264e-01
7.466079015125576257e-01
7.323183740815545351e-01
7.333333254433594961e-01
7.343482903372018367e-01
7.553685942712502488e-01
7.767094045113294154e-01
7.497329074475500565e-01
7.386217873511660148e-01
7.336271354275890610e-01
7.348824770659462269e-01
7.374198701964993496e-01
7.427350403661401312e-01
7.396100384111587989e-01
7.479967971961212214e-01
7.440438080801923260e-01
7.102029943981995608e-01
7.479433774884438613e-01
7.566773548212826217e-01
7.525641057863194927e-01
7.534722209167785678e-01
7.642895326209372397e-01
7.409722226488792973e-01
7.266826976058828880e-01
7.415064085816216455e-01
7.701121748894707020e-01
7.696581145382335176e-01
7.232905979085172410e-01
7.448717936491354719e-01
7.423344021105867663e-01
7.466880270940624564e-01
7.387553413963725557e-01
7.411858951115710692e-01
7.413728688644547482e-01
7.439102468709659632e-01
7.323717921972273670e-01
7.099359010338274212e-01
7.370459394067780945e-01
7.282051226585848358e-01
7.334134645569019284e-01
7.417735087120125304e-01
7.551282047907001971e-01
7.557158152071328239e-01
7.022702979544798163e-01
7.392895257371102646e-01
7.109241441337980083e-01
7.125267122800532649e-01
7.125801303957263189e-01
7.544604703847667126e-01
7.808493578281157088e-01
7.709134609526038240e-01
7.843482873888096840e-01
7.926282075544197614e-01
8.047275611987481092e-01
7.970886735452545890e-01
7.262286340706367582e-01
7.490651730416167942e-01
7.653579084664328125e-01
7.529647472258815810e-01
7.378739305477366450e-01
7.277243596175287932e-01
7.537660293090037156e-01
7.550480724431766211e-01
7.570779910868303819e-01
7.422275702572530554e-01
7.563301279153833434e-01
7.200854771380496011e-01
7.434561992557640053e-01
7.745993543161540096e-01
8.045405958038873706e-01
7.765758560381383901e-01
7.529914530997092736e-01
7.360042686391080613e-01
7.469017122927892327e-01
7.163461481467779945e-01
7.599626087352761017e-01
7.546741516034825015e-01
7.315972287239681515e-01
7.674679554775993839e-01
7.793269260093951267e-01
7.766025583299560608e-01
7.596955097988883354e-01
7.724358971493366921e-01
7.968482912287242481e-01
7.818643163539404917e-01
7.702190210708440565e-01
7.427083424523345245e-01
7.444711514135711194e-01
7.460202986581456752e-01
7.792200850020361003e-01
7.503472261258170573e-01
7.465010732412338257e-01
7.698717937669438127e-01
7.385950850593482331e-01
7.539529954998666073e-01
7.348824774639474144e-01
7.583867472588505798e-01
7.542735037959029665e-01
7.620726493784250044e-01
7.574519222745528246e-01
7.525373943404763954e-01
7.526175203199825248e-01
7.593215794071682678e-01
7.827457276005775899e-01
8.170138913819676718e-01
8.274305556765477743e-01
7.540331194893671318e-01
7.541399569147162474e-01
7.453792760960565866e-01
7.608707258557406705e-01
7.924946539072145191e-01
7.744391083271584542e-01
7.645566279753149841e-01
7.827190141647289989e-01
7.548343971944772024e-01
7.393162427549688775e-01
7.733173032219592402e-01
7.907852586836386921e-01
7.388888823075426826e-01
7.532051291444108454e-01
7.572115347840082666e-01
7.574519202845473309e-01
7.941239366833214852e-01
8.228365439985296792e-01
7.639423065110403366e-01
7.686965824861047292e-01
7.322916658197202722e-01
7.156249996051829987e-01
7.517094000155090106e-01
7.559829018054864402e-01
7.628739278795372281e-01
7.747329055753529037e-01
7.936965770318976654e-01
7.501335433150968512e-01
7.723023458901379090e-01
7.507211569155383124e-01
7.748931623103780808e-01
7.908653838671424463e-01
7.818910230237703374e-01
7.791132428006738442e-01
7.501335464991055746e-01
7.762553417720856608e-01
7.561431657045315502e-01
7.766559859976553959e-01
7.465010676692183100e-01
7.734241470153260245e-01
7.462072600729954264e-01
7.513354696237888319e-01
7.390758536724197914e-01
7.410523514143930734e-01
7.519230856122369744e-01
7.699252102906123385e-01
7.579059854117977668e-01
7.406249961409812066e-01
7.503739292136368810e-01
7.545940164699513897e-01
7.561431545605007409e-01
7.487179497177274268e-01
7.517895291790238632e-01
7.477029991519247298e-01
7.501335504791165620e-01
7.456997788200774302e-01
7.398237100778481956e-01
7.540064096355285628e-01
7.375534174756870343e-01
7.462873964005301008e-01
7.384348255383152981e-01
7.478899601687732934e-01
7.479433747024362145e-01
7.506410293440279879e-01
7.429754306426924471e-01
7.416933807425009073e-01
7.489850406940931071e-01
7.513354644497745038e-01
7.433760677042424714e-01
7.489316225784201642e-01
7.483974386356834207e-01
7.556890942092633345e-01
7.535523492842912674e-01
7.500801315674414660e-01
7.411591948097587812e-01
7.465277703590371683e-01
7.729700850720842009e-01
7.612179543536441439e-01
7.566506413854339197e-01
7.893696515542319991e-01
7.733440134737989968e-01
7.642895310289329336e-01
7.562499987518684907e-01
7.919070450827860874e-01
7.529380345860352541e-01
7.423878198282585217e-01
7.474358946435216700e-01
7.428151679376506777e-01
7.627136739305195867e-01
7.484508499853376184e-01
7.539529903258522792e-01
7.556891033632887611e-01
7.778846197721795974e-01
7.380608983306038429e-01
7.449786290844790937e-01
7.516826861816593430e-01
7.639690215388934558e-01
7.502403859144602949e-01
7.514690173009777041e-01
7.488515009769262099e-01
7.723023506661510496e-01
7.872329046392542162e-01
7.488782044627472212e-01
7.425213710874574158e-01
7.589743564812800880e-01
7.747329071673573209e-01
7.493055533681414193e-01
7.467948732754359220e-01
7.667735008697987853e-01
7.808226467802736881e-01
7.423878138582421515e-01
7.626068353111672415e-01
7.613782031286475682e-01
7.490918836914575163e-01
7.466613208222337983e-01
7.504540607651583040e-01
7.553952989510744898e-01
7.501869630227741004e-01
7.506677352178555696e-01
7.513087577799446581e-01
7.542735033979017789e-01
7.774038463830947876e-01
7.483707291798458172e-01
7.447916668736271895e-01
7.559829014074852527e-01
7.757478621111720818e-01
7.430555574182007295e-01
7.365918846275562037e-01
7.509882387378785662e-01
7.771367466507049793e-01
7.459668813384749964e-01
7.416666669086513508e-01
7.723023498701488965e-01
7.742521381562845750e-01
7.472222193948223623e-01
7.535523512742967611e-01
7.603632493788359259e-01
7.350694440528113827e-01
7.429220133230216572e-01
7.511217915890817665e-01
7.352564170096929086e-01
7.488782084427583197e-01
7.876335393127976703e-01
7.491720140489758206e-01
7.415598278912978181e-01
7.704861076691975619e-01
7.856036361911866717e-01
7.468749996529430168e-01
7.509615420180763001e-01
7.611111097642754286e-01
7.754273522231313054e-01
7.474091907596995821e-01
7.625000002738246963e-01
7.484241413255022790e-01
7.452724366807019774e-01
7.522970024719197735e-01
7.488514910268987412e-01
7.576121853775956705e-01
7.368856822737515078e-01
7.400373960725771250e-01
7.780181610813506898e-01
7.588675206479353896e-01
7.818376057040996585e-01
7.649839701146904369e-01
7.558760723401592996e-01
7.562500067118904656e-01
7.654914529596128503e-01
7.794337626387419782e-01
7.513621818656340823e-01
7.629540642070719025e-01
7.483440149479951842e-01
7.902510679748833144e-01
7.594551231043460415e-01
7.432959337647143672e-01
7.629273436072034897e-01
7.991987249344332245e-01
7.447649586117928155e-01
7.510683806374286453e-01
7.798344008942954542e-01
7.441506387395226962e-01
7.606570557810556910e-01
7.826388877872217931e-01
7.565170905242363242e-01
7.577991396284255998e-01
7.714209473795361482e-01
7.888621822413470763e-01
7.485042736730259660e-01
7.455929469667438303e-01
7.741185916730991545e-01
7.895566229191091079e-01
7.738514951247179585e-01
7.741185876930880561e-01
7.984241431531233779e-01
7.553685926792458316e-01
7.470619622617959976e-01
7.439102619950077599e-01
7.483707248018337532e-01
7.800747792308146966e-01
7.595619641117050680e-01
7.530982889330539720e-01
7.480502192918051518e-01
7.451121783536722720e-01
7.584401701505366633e-01
7.530448799714063446e-01
7.550213701513587283e-01
7.565705142119245608e-01
7.513354708177921726e-01
7.410256451425644153e-01
7.440438044981824151e-01
7.453525658442168300e-01
7.469818386702965496e-01
7.506677395958676335e-01
7.359241478336163711e-01
7.760149574655498261e-01
7.518696599345431331e-01
7.626068365051705822e-01
7.628205165298829193e-01
7.422008552294001582e-01
7.424145261000872908e-01
7.790598330430240637e-01
7.470085525041461061e-01
7.529914507117025924e-01
7.802617521876962225e-01
7.572916659375286130e-01
7.461004234436485749e-01
7.651976489453996555e-01
7.888087637276730568e-01
7.544337609289294422e-01
7.641559829537429849e-01
7.616987146086926508e-01
7.795673071319221270e-01
7.494658101031668185e-01
7.727297055415618399e-01
7.982905990579443056e-01
7.721420991051400895e-01
7.542200892622399344e-01
7.451923063231838951e-01
7.526175250959956653e-01
7.853632526806531011e-01
7.468482874110977665e-01
7.644497901519649030e-01
7.297809869210178935e-01
7.394230734142992478e-01
7.461805557911722619e-01
7.583600433750284919e-01
7.588675290059585521e-01
7.463141026723587590e-01
7.486378213502148382e-01
7.856837637626971071e-01
7.979967950437314439e-01
7.388888902675646575e-01
7.392094037376152338e-01
7.597756417484110569e-01
7.788995695419800303e-01
7.786858962832861053e-01
7.467681614315917482e-01
7.390758496924086929e-01
7.837072616427117611e-01
7.836004274013714799e-01
7.460203018421546206e-01
7.468482838290879666e-01
8.030448718489999749e-01
7.850694430944246127e-01
7.430822597100184002e-01
7.486111142823838049e-01
7.850160301527661089e-01
7.538194482206788116e-01
8.137019216441190306e-01
7.465544861828924406e-01
