8.834935916412589574e-01
7.569978635153198354e-01
8.962873911373634428e-01
6.904380301125029318e-01
8.842948745203833560e-01
6.905448735078685285e-01
8.007211499871352833e-01
7.871794817475681327e-01
7.286057672821557585e-01
7.271901653267633936e-01
6.922809785852829245e-01
6.350961550274210055e-01
7.063301236997557853e-01
7.181623903477294402e-01
7.270833402394483169e-01
7.015758509087002270e-01
7.267628200033789954e-01
7.233707246840255234e-01
6.167467978711311805e-01
6.915598292476855535e-01
7.029914468940759997e-01
7.564903838544064785e-01
7.508814112625570303e-01
7.579593983534564927e-01
7.552350446040557719e-01
7.156517142350345972e-01
7.606837604608800429e-01
7.218749919731137776e-01
7.331730822403715875e-01
6.792734962784581221e-01
6.648237188784484886e-01
7.301816275645779397e-01
8.785790633091813406e-01
6.668269193102405179e-01
6.893429456071720196e-01
7.028044878672330409e-01
6.528312050474759376e-01
6.013621787707774669e-01
6.927884630222096440e-01
6.785790591827060014e-01
6.816239287901636468e-01
6.739049064011399803e-01
6.772703014186814974e-01
6.883814115650379595e-01
6.602831141720725272e-01
6.781250016174764639e-01
6.279647518108543158e-01
6.415598369720909577e-01
6.338408153790693333e-01
6.278311957756422812e-01
7.828258464160637864e-01
7.377671006844084278e-01
6.152510731202414096e-01
6.220085503231002066e-01
6.600160243897101875e-01
6.836805576856573863e-01
7.079593973218375469e-01
6.954861152757947362e-01
6.208600405380766407e-01
6.198450871862661860e-01
6.774839730853707831e-01
6.676816266730554172e-01
6.829059806803606802e-01
6.668536395121078542e-01
6.861912461363861571e-01
6.316506463684077310e-01
7.225160256792336755e-01
7.689636750544746047e-01
6.369658117620353721e-01
6.486912354126445068e-01
6.425213658402108008e-01
6.655715732938713991e-01
7.038194424130468363e-01
7.658920943991750496e-01
6.589743619800632057e-01
6.475694525955069114e-01
6.587339717035110009e-01
6.667467949227389168e-01
6.676816246830499235e-01
6.630609083252074765e-01
6.723824698064061467e-01
6.696314129691858241e-01
6.743856770042171433e-01
7.912393174428714593e-01
7.809829007292913294e-01
6.634882460865709763e-01
6.809027762685574414e-01
6.814903938490101121e-01
7.085737152041023945e-01
7.059294810661902453e-01
7.053953038894722471e-01
7.074252225331261190e-01
6.981303398616802713e-01
6.979700839226572473e-01
6.960737161402008599e-01
7.034188137095197524e-01
7.026709354140310282e-01
6.913194377771298971e-01
6.899572654794423610e-01
7.049946544898881839e-01
7.065972186561323420e-01
7.149038431035655838e-01
7.163728635726321903e-01
7.104700877625718114e-01
7.104967912483928227e-01
7.100427364691710430e-01
6.979967929804936633e-01
7.151175243222815947e-01
7.000801313318248953e-01
6.972489329930553481e-01
7.006944452340786444e-01
6.901709474941604139e-01
6.873130329335346289e-01
6.918269265920686806e-01
7.090277835153615538e-01
6.972222271192276555e-01
6.910790570526043064e-01
7.915064096132404803e-01
8.332799165549440445e-01
7.162660225652731638e-01
7.088408185185021138e-01
6.848290642866721178e-01
7.569711536614813774e-01
8.055822661735562162e-01
7.108974334839571751e-01
7.291132401770507032e-01
7.240117504301234463e-01
7.866185879509928203e-01
7.180822663582286935e-01
7.547809838548175110e-01
7.053953042874732127e-01
6.769497875506297335e-01
7.440972190318454471e-01
7.882478627670778115e-01
6.599091845763543907e-01
6.960737201202118474e-01
7.585203001100538911e-01
6.967681576139650446e-01
7.646367467908012916e-01
7.028044886632351940e-01
6.848824780243329968e-01
6.839476462740163853e-01
7.626335467570103388e-01
7.001869659711661420e-01
7.279647395460523418e-01
6.549145358367861602e-01
6.414529975567363485e-01
6.475961521013170463e-01
6.410790528369765262e-01
6.445512816978570259e-01
6.434027822608621161e-01
6.422275602339934109e-01
6.437232893628951347e-01
6.520299142083296751e-01
6.400640998831671480e-01
6.838675198965092905e-01
6.473824716786034106e-01
6.459401710134031749e-01
6.440705095027754457e-01
6.444978687561984110e-01
6.470085488489040193e-01
6.495459391934492732e-01
7.021100364434412766e-01
6.909455077834107950e-01
6.917200812066977011e-01
7.295405906744492075e-01
7.375801305135345487e-01
7.434294870139186440e-01
7.025106846490222212e-01
7.220619653279966021e-01
7.098023465906198037e-01
6.521367532256830968e-01
6.525640997430707246e-01
6.573717938338080602e-01
6.255608932234537622e-01
6.724358970761045162e-01
6.795138905350214253e-01
6.764155948518686401e-01
6.312767044346556666e-01
6.534989334833927188e-01
6.638888946901528865e-01
6.430822624227938711e-01
6.561431644372960337e-01
6.822916699621157655e-01
6.924412400963214642e-01
6.691506348040877628e-01
6.516292699827597179e-01
6.747061932602754775e-01
7.143429493069902714e-01
6.707264903104966924e-01
6.739049139631609897e-01
7.209401693768225927e-01
7.042200854446134528e-01
6.758814061331188672e-01
6.806891002238559807e-01
7.199252148310090194e-01
7.384348291203252090e-01
6.568376027270513839e-01
6.524572635117249497e-01
6.313301229483296861e-01
6.739583352628425450e-01
6.693910266726444958e-01
6.423878237350375553e-01
7.278579057027132482e-01
7.013621883960361458e-01
7.044337575093038151e-01
6.945245764576472025e-01
7.135149569720284912e-01
7.027777788093966249e-01
6.621794863325408675e-01
6.572916642722920200e-01
6.536859020622621808e-01
7.024839755911856942e-01
7.072115401204069896e-01
6.990117479243083132e-01
7.049946564798936777e-01
7.122596149356701378e-01
6.865651757321042936e-01
6.686164564333665350e-01
6.708867550055439555e-01
6.868322583504465895e-01
7.221688067333567052e-01
6.672542713996436614e-01
6.814102535414644501e-01
6.868322675044720160e-01
6.734241441560862018e-01
6.462339774156227179e-01
7.065170958606351581e-01
7.033653884298270986e-01
6.819444482302309263e-01
6.669070488717565581e-01
6.783119630323261040e-01
6.923878211846463682e-01
6.506143178249526038e-01
7.284455169151481391e-01
7.289262843342163567e-01
6.749465779648122776e-01
6.825053400368007450e-01
6.838942333323577705e-01
6.500801291062026088e-01
7.342147462420229864e-01
7.032318343846205577e-01
6.901976477959725909e-01
7.132211561418241308e-01
7.027777764213900547e-01
6.956196522069537647e-01
6.795673098446975979e-01
6.694444479723261621e-01
6.745726455830864943e-01
7.117521396527687338e-01
7.225160248832315224e-01
6.824786373469818868e-01
6.970085478905174714e-01
6.946046988551433099e-01
6.865384630922577447e-01
7.054487220051450791e-01
7.178953017593702191e-01
6.845886819701419990e-01
7.122329078678392156e-01
6.994123893638705125e-01
7.049946564798935666e-01
7.115918813257390285e-01
6.880608972989850081e-01
6.814903854909869496e-01
7.600427394907953715e-01
7.082532077040681884e-01
6.501068425420513108e-01
6.521100429738433402e-01
7.295940179441473550e-01
7.644497809979395875e-01
7.608173009740490933e-01
7.053952987154579191e-01
6.363782085096225671e-01
6.786859005880661044e-01
6.997596154737675267e-01
6.832264897723993036e-01
6.543269226343457756e-01
7.373664540708320114e-01
7.131944419099733867e-01
7.096420870695867578e-01
7.041666681249426629e-01
6.860042747715089373e-01
6.846420933197960856e-01
7.145299147018511210e-01
7.170940176862427018e-01
7.015758560827145551e-01
7.294604706649596704e-01
7.020566167357640275e-01
7.070512786093685609e-01
6.998397410552725795e-01
7.002937930484867124e-01
7.053685916476268858e-01
7.053685836876049109e-01
7.096688048834474127e-01
6.961004311680537571e-01
6.933493596047927143e-01
7.224359020877343385e-01
7.123397472831937138e-01
6.965010662395985097e-01
6.828258547008545509e-01
7.145031992759968142e-01
6.991987097371593629e-01
7.142628217354798359e-01
7.063034170299259396e-01
6.960203028005412795e-01
6.923878128266232057e-01
7.056356810319882600e-01
7.060897429752298615e-01
6.929487161752250213e-01
7.045138854788153271e-01
7.018696549229133108e-01
6.946581173688173294e-01
6.826655963738250676e-01
6.931623954039353164e-01
7.102831199797045025e-01
7.191506433977276069e-01
7.111111075386531422e-01
7.040331176617460329e-01
6.807959440172226540e-01
7.004273498797009001e-01
7.023771341858255912e-01
7.685363273430838582e-01
7.029380311664098491e-01
7.100961537888416109e-01
6.993589827902295664e-01
7.056891067096819903e-01
7.058760665325272132e-01
7.726228601561905274e-01
7.058493542906820739e-01
6.958333358136761237e-01
6.973557696224023106e-01
6.931356867440999769e-01
6.978632484873136255e-01
7.284187971112821014e-01
6.378739276884968223e-01
6.679220054075758473e-01
6.936698690948324142e-01
6.894230807407034645e-01
7.076655956956310334e-01
6.561431612532874214e-01
7.233440188101979418e-01
6.936965837246842348e-01
7.326121745137577079e-01
7.377938005882196393e-01
7.013621744659975787e-01
7.107638822247583921e-01
6.914796925221498025e-01
7.086805554154591569e-01
6.905181545000046439e-01
6.954593990539382764e-01
6.520833311299991664e-01
6.719017059693478400e-01
6.725160246476148407e-01
6.561965833489711297e-01
6.670405981409498475e-01
6.716613296228342023e-01
6.535256457252379692e-01
6.628205140686442842e-01
6.688034186442183282e-01
6.523504288723833699e-01
6.771100411016461873e-01
6.692574754134457127e-01
6.901175202244621554e-01
6.672008548759751356e-01
6.767093996620838769e-01
6.671474315862878646e-01
6.802884548042829049e-01
6.891292739404827339e-01
7.177617505001715470e-01
7.004006455978777357e-01
6.823985010194472123e-01
6.608707229965008478e-01
6.778312003892710269e-01
7.103899582010557712e-01
7.059561945020387252e-01
6.840010747377179845e-01
6.592414481804157456e-01
6.871527758005082642e-01
7.006410235363956795e-01
6.483172982549055829e-01
6.529113342109907903e-01
6.945245736716394447e-01
6.781517118693161095e-01
7.018696616889319451e-01
6.696314105811791428e-01
7.171207307240901052e-01
7.166132502671744842e-01
6.690972270364435870e-01
6.576121833143581119e-01
6.538995757189570712e-01
7.311431604127089923e-01
7.031249977552738173e-01
6.996260658065732718e-01
6.982104722092039584e-01
6.940972211842353357e-01
6.566506417102029314e-01
6.785523493288674324e-01
6.870993568888331682e-01
6.675480781998645030e-01
6.743055546067208139e-01
6.750801316120176310e-01
6.519230728029694610e-01
6.674412423665196936e-01
6.641826939283527187e-01
6.537660260517628164e-01
6.686698681810218092e-01
6.515758478870757875e-01
7.035256399908381697e-01
7.108440129802777729e-01
6.621260658288613543e-01
6.587606855373607795e-01
6.566506397201974377e-01
6.615117539166129879e-01
6.961538496817278876e-01
7.143429508989947996e-01
6.584401692813023343e-01
6.384081227752641530e-01
6.843482936835950659e-01
6.931356811720845723e-01
6.455662366416718978e-01
6.622863217678843784e-01
6.630074810555093290e-01
6.828525613706843966e-01
7.024839708151725537e-01
6.692040568997716932e-01
6.565170948290163233e-01
6.807692210293477819e-01
7.004807707813814899e-01
6.898237193942579060e-01
6.869658155796619647e-01
6.445779999097187574e-01
6.592948635100809307e-01
6.634882440965653716e-01
6.860576952751884505e-01
6.851228667088807844e-01
7.008814146089502595e-01
6.638087567706137948e-01
6.756143159527553399e-01
6.611111128750519761e-01
7.193376036185739064e-01
7.249999979081060975e-01
6.622863205738811487e-01
6.592414553444354564e-01
6.807692254073598459e-01
7.106570523614302859e-01
6.505609001072807374e-01
6.553685886260025573e-01
7.153579054448084840e-01
7.097489312609546186e-01
7.043002162001327227e-01
6.956463732048231430e-01
6.805822647885123589e-01
6.696848314828598436e-01
6.557425257837414811e-01
7.855235078236740831e-01
6.888087560924198716e-01
6.503205126167362904e-01
6.366185916221549501e-01
7.294070521512856509e-01
7.178952997693648364e-01
6.513888824922152709e-01
6.437499992167338148e-01
7.017628139155542843e-01
7.538995738021837534e-01
6.539796965244488725e-01
6.537927390896102198e-01
7.025908134145359973e-01
7.243856808218436250e-01
7.159187948633717324e-01
6.693910222946324318e-01
6.702190158235974415e-01
7.240117560021386289e-01
6.627136718672819171e-01
6.712072648935847319e-01
6.974626106297612260e-01
6.982905961987043719e-01
7.336271318455792612e-01
6.766559855264220325e-01
6.686431595211863588e-01
6.509615379648331368e-01
7.425480753692806912e-01
7.163728607866245435e-01
7.221687995693366613e-01
7.260683725595983296e-01
7.131143139404617637e-01
7.180021328167018879e-01
6.436965811010608718e-01
6.728098262738214652e-01
7.044070520334773100e-01
6.780715795217925335e-01
6.959401644830011113e-01
6.920940235384508421e-01
7.163995750184750655e-01
6.904647439463527103e-01
6.756677380484392703e-01
7.011752134491491262e-01
7.068376121166934922e-01
7.121794837821497914e-01
6.731036362580509191e-01
6.655181675162324950e-01
