6.581730743249255555e-01
6.759348302188081803e-01
6.868856832321382777e-01
8.258279899182990880e-01
6.539262831847891810e-01
7.675213708072645691e-01
6.575587572386631940e-01
7.919604651884645241e-01
6.156784204336313016e-01
8.200587641734342625e-01
6.259348291871894565e-01
8.140758524338402857e-01
6.364583332951252448e-01
7.830395260427751580e-01
6.543002187505237988e-01
7.100961486148272828e-01
6.865384622962557026e-01
7.048611131807167585e-01
6.770299163161433986e-01
6.861645327005376771e-01
6.502670933070600068e-01
8.110042745645482665e-01
6.714743594519603231e-01
7.041399566790996767e-01
6.799412406344189641e-01
7.115651726659035781e-01
6.801816225529482285e-01
6.538995717389460838e-01
8.636217955022285064e-01
6.447649525685442695e-01
6.689369651274039708e-01
6.730769256082100860e-01
6.876602554614217322e-01
7.092414535900466444e-01
6.425213714122263164e-01
8.066506412230495249e-01
7.478899597707721059e-01
6.506143134469404288e-01
6.839209431861964505e-01
6.584134514674416794e-01
7.081997840163799518e-01
6.554220103236854111e-01
6.741452962796911086e-01
6.888087576844243998e-01
6.618589764445000911e-01
6.811698724189374499e-01
7.082264946662206739e-01
7.119123967857952096e-01
7.235843991367226780e-01
6.810630330035829516e-01
7.077991425768178635e-01
7.094284201789105015e-01
7.165598309574983116e-01
7.141025653984556243e-01
7.194711544797716130e-01
7.479967952061157277e-01
7.486378177682049273e-01
7.401709397697550097e-01
7.436164496227716247e-01
7.187767058419876065e-01
7.387820504542089717e-01
7.400373912965639844e-01
7.309829060656901634e-01
7.625801274473340552e-01
7.407852576520198573e-01
7.786057707017812746e-01
7.327724336367895663e-01
7.412927353229277205e-01
7.886485006246299889e-01
7.638087544558394004e-01
7.626068365051705822e-01
7.541399608947272348e-01
7.776976507953088369e-01
7.698183760492720573e-01
7.733440178518111718e-01
7.789262849678340039e-01
7.804220097187237748e-01
7.872061971734221064e-01
7.847222245465486079e-01
7.971420964369406725e-01
7.918269286553064612e-01
7.944177391055302628e-01
7.965277753706669905e-01
8.033119636213676973e-01
8.007211491911330192e-01
8.025640980619140885e-01
8.047542718485889424e-01
7.986378195958259152e-01
8.126869694863119165e-01
8.062767136173369931e-01
8.145032021352368590e-01
8.012286316380541340e-01
8.028044867464619871e-01
8.040598252008103186e-01
8.019764948095011725e-01
7.975694445463328286e-01
7.978632465705401966e-01
7.949519266302769172e-01
7.946314115682218127e-01
8.303151753149989878e-01
7.992254308082609171e-01
8.294871825820360201e-01
8.083600463966527094e-01
8.314636791300060725e-01
8.028044891344685574e-01
7.915865391747564095e-01
8.446848331035201607e-01
7.639423077050436772e-01
7.785790640319514289e-01
8.050747900946526592e-01
7.789529908416616966e-01
8.347756476738513731e-01
8.008279933825006580e-01
7.690705208378469937e-01
7.639423108890524006e-01
7.335202984002409110e-01
7.675747865349308308e-01
7.952190156166369928e-01
8.021367507485241966e-01
7.499198692604007732e-01
8.290865347744561520e-01
8.431623913347719990e-01
7.707532058095829530e-01
7.736111147981933334e-01
7.611378176281085040e-01
7.822382455516574407e-01
7.537660245329906861e-01
7.925480787889059853e-01
8.392628219265204637e-01
8.079593969970686462e-01
7.923611161800531155e-01
8.446848299195114373e-01
8.227029903513243259e-01
8.033386718832019602e-01
8.317574811542135516e-01
7.870726502922354983e-01
7.888087653196774740e-01
7.997329068871644742e-01
8.232371762840664520e-01
8.070245728087730441e-01
8.193108962259740835e-01
8.228098297666790462e-01
8.078792722115659686e-01
8.266292656334037758e-01
8.158386789071253586e-01
8.209401774100767435e-01
8.208600382965344222e-01
8.200854724352686365e-01
8.297542715683962067e-01
8.203258555478010194e-01
8.337873934298498657e-01
8.307158127745501996e-01
8.211538494747672168e-01
8.759081157354208225e-01
8.884081163913265522e-01
8.338408131375273369e-01
8.510683807106608212e-01
8.465277795862947707e-01
8.666132442080056730e-01
8.638087589070837513e-01
8.685630340861458798e-01
8.578525681653593749e-01
8.602564144147258896e-01
8.504006383447055839e-01
8.538194415278922422e-01
8.575854672389661149e-01
8.560096161105693602e-01
8.558493561915353487e-01
8.504807710902302365e-01
8.454861096146270016e-01
8.422542762043129239e-01
8.355769265729647843e-01
8.770032038227615345e-01
8.307959455200748522e-01
8.364850528474545577e-01
8.081196624881181734e-01
8.166399586022409229e-01
8.674412369409687518e-01
8.665598213163195895e-01
8.270032123431689808e-01
8.409188042084376757e-01
8.504540644204005018e-01
8.591346148815420802e-01
8.456463687376588600e-01
8.388888923308024381e-01
8.190171005697841622e-01
8.297275672865729312e-01
8.294871833780381731e-01
8.146901695201028692e-01
8.403044839381661468e-01
8.420138899077717065e-01
8.397703011894327441e-01
8.271901709720110851e-01
8.552083292514338630e-01
8.501068387085045641e-01
8.777777776440494062e-01
8.772702944011260273e-01
8.803418822204454042e-01
8.595619685629494189e-01
8.353899639641118036e-01
8.485576910659288208e-01
8.666933769535305476e-01
8.904113212011306455e-01
8.600694462338573931e-01
8.489850407673251720e-01
8.523237159810004293e-01
8.389423076604675122e-01
8.626869657419176107e-01
8.463141035415931990e-01
8.754006364725083200e-01
8.799679482467153147e-01
8.708600377361488398e-01
8.517628225824263044e-01
8.444177337691315399e-01
8.576655999844909894e-01
8.777777784400515593e-01
8.824786299314253402e-01
8.281517129741672312e-01
8.631143162393163371e-01
7.904113255059108667e-01
8.273771407448836657e-01
8.653044836579733001e-01
8.709668803355122835e-01
8.017361156769796660e-01
8.443108919657702494e-01
8.030181560251447026e-01
8.017093978631190110e-01
7.972489422203127285e-01
8.211538506687706684e-01
8.441506431907669361e-01
8.184561936391724357e-01
7.960737166114341123e-01
7.840010712289402495e-01
7.765758584261449604e-01
8.292467938974881214e-01
8.120192295083632494e-01
7.650106883265523905e-01
7.990918823350696698e-01
7.905181601452521134e-01
7.372061969378055357e-01
7.186164546789776120e-01
7.820245722929636267e-01
7.984241415611189607e-01
7.798878221939771205e-01
7.951923049667960486e-01
7.772168805902330835e-01
7.541933774183957606e-01
7.804487187765601908e-01
7.803953038448960822e-01
7.825053401100328099e-01
7.402243594774323698e-01
7.668536300333137490e-01
7.461805502191567463e-01
7.545940212459644192e-01
7.528044873068474585e-01
8.087873905260339891e-01
7.810630286988029525e-01
8.233974354070985324e-01
8.201388905509413574e-01
7.643162376987627793e-01
7.924145287237105428e-01
7.967681616672083189e-01
7.408119722818715669e-01
7.795405956860790297e-01
7.985844046641618066e-01
8.124732954316158384e-01
8.504807734782369177e-01
8.247863231306402643e-01
8.267361161927890834e-01
8.133814113580772887e-01
8.501869626980051997e-01
8.343215801585942559e-01
8.411858908067910701e-01
8.435630319783320452e-01
8.146367514044300373e-01
7.987446558271716901e-01
7.851495718599383888e-01
8.461004243128829039e-01
8.595085456712633354e-01
8.631944434128255850e-01
8.825320504351048534e-01
8.659187999482338416e-01
8.360309829441909812e-01
8.267361138047825131e-01
8.523771436486997644e-01
8.609508507144756351e-01
8.542735050631384830e-01
8.868322700389430491e-01
8.889155996342499311e-01
8.871260641031285532e-01
8.938034201024942504e-01
8.787927345778698829e-01
8.190170949977688686e-01
8.957532020206124823e-01
9.073985040697276627e-01
9.106036308102117838e-01
8.873931658255238553e-01
8.706730791073068465e-01
8.710737253228821864e-01
8.767628199142267764e-01
8.791132496399247653e-01
9.032051318412661622e-01
8.481303429565367757e-01
9.164529908926057900e-01
8.728365438361452844e-01
9.298878189208161782e-01
9.336805536897262447e-01
9.102297032044992520e-01
8.619123919206297391e-01
9.064636703294056685e-01
8.799145241610260015e-01
8.826656005003004068e-01
8.792735111509633050e-01
8.693108988495972245e-01
8.823450846422431493e-01
8.720619628508374799e-01
8.642628192583210467e-01
8.665064127526731497e-01
8.643162429460093943e-01
8.678151693226944241e-01
8.342414462190661517e-01
8.527777779242421419e-01
8.662660296401406557e-01
8.634615451352208870e-01
8.695245729042934135e-01
8.545673046993393918e-01
8.574519275217993286e-01
8.385416662209053129e-01
8.461004274968917382e-01
8.353899552080873425e-01
8.572382439150769695e-01
8.492521337336964571e-01
8.880341887856141314e-01
8.304754240900023010e-01
8.249999995733428015e-01
7.755074722326208425e-01
8.199786354079205974e-01
8.110844045240654943e-01
8.013888883730795332e-01
8.297809790342280944e-01
8.139690193865033452e-01
7.937767089814201649e-01
7.649572678228727662e-01
7.896634591504548828e-01
7.804754318144077052e-01
7.828792740837632325e-01
8.220886780410748829e-01
8.031517076823446732e-01
7.395833333333333703e-01
7.422275642872365742e-01
7.560897436088476198e-01
7.759615381558736535e-01
7.526175231059901716e-01
7.828792724917587043e-01
7.908119645574662737e-01
7.746527791978455868e-01
7.463408101381908688e-01
7.853632522826521356e-01
8.331997893814346856e-01
7.900908152198689027e-01
7.697916653994310021e-01
8.177884600292413264e-01
8.106036279509720721e-01
8.207799143070337866e-01
8.197649605572222553e-01
8.530181594447701077e-01
8.509081191996222815e-01
8.438568395745550399e-01
8.430822641612626400e-01
8.035256392680680815e-01
8.378205121072948014e-01
8.477297007209724233e-01
8.639156023024492370e-01
8.981036357263214587e-01
8.518162391060946081e-01
8.694177398569563620e-01
8.676282003458237746e-01
8.199519271460862235e-01
8.369123937928267809e-01
8.831730765792039639e-01
8.615384595389038447e-01
8.554220080821430816e-01
8.426816227217006627e-01
8.359508533826751631e-01
8.398504323429533125e-01
8.587873891696460316e-01
8.318643142015504921e-01
8.459668774316962958e-01
8.234508495427603769e-01
8.812499981469067434e-01
8.671741519346196636e-01
8.577724401958477518e-01
8.568643163093643267e-01
8.013621801112451593e-01
8.289262828154441154e-01
7.876335508548295561e-01
8.166132447683911444e-01
8.599091855188210065e-01
8.534722221840139733e-01
8.498397481301400713e-01
8.075587595375175454e-01
8.415598311485388283e-01
8.208600414805433676e-01
8.200320511355867481e-01
8.344818376896218082e-01
8.679487169998834073e-01
8.865918789663885802e-01
8.851495667591563477e-01
8.610309802759914533e-01
8.723290613892240586e-01
8.671741431785953136e-01
8.364850417034237484e-01
8.537126060925486204e-01
8.252938039855570729e-01
8.231570570705791789e-01
8.842414524246994256e-01
8.751602517679715199e-01
8.579594051927073028e-01
8.579861102705327314e-01
8.596153874746246260e-01
8.678685850503606858e-01
8.885149573986854676e-01
8.670405978894131227e-01
8.860576922376439679e-01
8.779380335830724302e-01
8.385416606488900193e-01
8.480235099091998352e-01
8.807425212720010332e-01
8.734508585344012976e-01
8.441773514526011990e-01
8.529914495909316496e-01
8.720085487151756354e-01
8.733440127510290196e-01
8.600160273221821861e-01
8.456730762034909699e-01
8.514957256360440319e-01
8.735576883977294038e-01
8.191239312291145325e-01
8.769764947649251186e-01
8.949786297913291389e-01
8.774038420783147885e-01
8.353632493342598719e-01
8.642628152783099482e-01
8.777777792360537124e-01
8.800480801962378141e-01
8.748664473557573595e-01
9.077991431212831808e-01
8.886217880580160600e-01
8.826655925402783209e-01
8.612179452728510043e-01
8.268963657637947717e-01
8.300213653307693118e-01
8.756677350108947877e-01
8.981303376201381639e-01
8.848824785687985361e-01
8.898237123767024359e-01
8.672542735361137289e-01
8.595085456712632244e-01
8.563835512783026793e-01
8.638354655769135970e-01
9.002136815434846895e-01
9.041666682714071257e-01
8.820779940638785455e-01
8.688835507402052905e-01
8.681356843847494176e-01
8.445512822423225652e-01
8.967948704002759452e-01
9.107905958070713348e-01
9.084935889730595404e-01
8.980769250764806255e-01
9.043269210264213154e-01
8.891025646311094821e-01
9.131944436484422667e-01
9.260416628522241123e-01
8.927617545088386564e-01
9.325320530587279944e-01
9.318643194487969961e-01
9.289797014023503108e-01
9.147168790491727597e-01
9.399038437658395750e-01
9.374999983124753244e-01
9.367254308592050105e-01
9.524038460137497220e-01
9.417200843747863814e-01
9.694177363481784049e-01
9.457799113140656910e-01
9.507478653238369271e-01
9.561431626669870676e-01
9.608974330700359445e-01
9.544337590853881892e-01
9.392628200097470348e-01
9.642093984298726328e-01
9.645566265297751407e-01
9.655181669399269806e-01
9.303952981837284586e-01
9.421207282023550400e-01
9.359775621157425674e-01
9.514156029137790238e-01
9.536858983019478320e-01
9.497596166518509353e-01
