7.012553457966727022e-01
7.358440214561090542e-01
7.340010678093147334e-01
7.983707270274558176e-01
7.350694444508123482e-01
7.350427310149638682e-01
7.151709368659391330e-01
7.544337633169359014e-01
7.159455110852279702e-01
6.915598212876634676e-01
7.918002164134612109e-01
7.188835571973751781e-01
7.170138849407179382e-01
7.130074773111150233e-01
7.124999984462037084e-01
7.194711552757737660e-01
7.046741422138407263e-01
7.124999980482025208e-01
7.193376123745980344e-01
7.196848245544565925e-01
7.099091871999776426e-01
7.087873980148226005e-01
7.245192376530578127e-01
7.132745662974750989e-01
6.906517105352163455e-01
7.412927329349210392e-01
6.174412333748788839e-01
6.077190216980938864e-01
6.325854665766923457e-01
6.341079019774228387e-01
6.466079010413243733e-01
7.266292683461792468e-01
7.553418852134139438e-01
7.238247854332637843e-01
6.940438046605668099e-01
6.878739271281111289e-01
6.665331200720407967e-01
6.157051338694798925e-01
6.414529935767252500e-01
7.603632430108183682e-01
7.514156011753102549e-01
7.532318314362285161e-01
7.690170947621520758e-01
7.792467960498780100e-01
7.816506415032422606e-01
7.884615356277706599e-01
7.815972273675804161e-01
6.522435838850134671e-01
6.720085406086890867e-01
6.420405924511261020e-01
6.717681614761679132e-01
6.837072687334995180e-01
6.886485017454012647e-01
6.798344083830840656e-01
7.376602556970384139e-01
8.383279889822006226e-01
7.600160228709378352e-01
7.640224332865487300e-01
8.411858995628151980e-01
8.318910232593870191e-01
7.721688097549809227e-01
7.647703004380066449e-01
7.885683726551184769e-01
7.729166689464169737e-01
7.772168805902330835e-01
7.713942319536820635e-01
7.793803437270669932e-01
7.404647409979603356e-01
6.952991466969251633e-01
6.949252099371874269e-01
7.048343985508649379e-01
6.928418743718638417e-01
6.950854682642170213e-01
7.043269248599679511e-01
7.063034237959445738e-01
6.960203004125347093e-01
7.039529896922345209e-01
7.051549104289110970e-01
7.036858979198666875e-01
7.056623924778312462e-01
7.007211515059074136e-01
7.062232886624132400e-01
6.993322657723711755e-01
7.064636761529577980e-01
7.004540613255438863e-01
7.089476491778324840e-01
7.010149614901368675e-01
7.068108994768469433e-01
7.108440209402997478e-01
7.086805566094624975e-01
6.960737169362030130e-01
6.937232868125040586e-01
6.938568352856951948e-01
6.864850457725870658e-01
6.912126067197985613e-01
6.932959458671319464e-01
7.036591904540346887e-01
7.151175183522650025e-01
7.209401733568335802e-01
7.162660241572775810e-01
7.254540542793325164e-01
7.276442296580117874e-01
6.947916674340128829e-01
6.677350475747361180e-01
6.674412443565251873e-01
6.353098227140995258e-01
6.368055562210133136e-01
6.322649618626660084e-01
6.234508565603158470e-01
6.203258538093323615e-01
6.239850460750678840e-01
6.037927352719836271e-01
6.075053440613878974e-01
5.852831221766704450e-01
6.251068396382352121e-01
6.279914461426501227e-01
6.279914493266588460e-01
6.301014951438220768e-01
6.319177357527689942e-01
6.285523534712628146e-01
6.314636785855405332e-01
6.409722170036318278e-01
6.382478620602278774e-01
6.375534181984572335e-01
6.474358985503004815e-01
6.677884637004035673e-01
6.582264936346019502e-01
6.341346162092736938e-01
6.445512828918603665e-01
6.461805585039476219e-01
6.502938039569008399e-01
6.505609009032830015e-01
6.457532123845611816e-01
6.527510782719677662e-01
6.608440171226731552e-01
6.521901733313615335e-01
6.442040647419854382e-01
6.590010690478942390e-01
6.648237224604582885e-01
6.626602545476112383e-01
6.576923080998607896e-01
6.538728642731139740e-01
6.485042739977948667e-01
6.455662398256807322e-01
6.786324753083734507e-01
7.134348357685356135e-01
6.721955123715674940e-01
6.365918797783108873e-01
5.873664581399952178e-01
5.715277798824075495e-01
5.703258527777133047e-01
5.830395322643283640e-01
5.678685880146729925e-01
5.752403783237831636e-01
5.733440121333313044e-01
5.700053389096615408e-01
5.751869641881212081e-01
5.708600434864689044e-01
5.656250016843406003e-01
5.731303444466528951e-01
5.787927363481787379e-01
5.721687996584889913e-01
5.723824844592146910e-01
5.817841822679481467e-01
5.541666622440784007e-01
5.733173130255224681e-01
5.737179524750790627e-01
5.620192339022953565e-01
5.959935908834648188e-01
5.492254260481677086e-01
5.571314082600368200e-01
5.469017073703117404e-01
5.560897414723776633e-01
5.592414524851956337e-01
5.540598268087347789e-01
5.623397521483591843e-01
5.635950925927131205e-01
5.633279940543266529e-01
5.788995773555376534e-01
5.636217976705386601e-01
5.691506387108666853e-01
5.766559834631844739e-01
5.755074872101983985e-01
5.766826849589999915e-01
5.810096195906909733e-01
6.056089703089151399e-01
6.315972119346898728e-01
6.107638873255405443e-01
6.346153832303407238e-01
6.386752081796144287e-01
6.472489379314529945e-01
6.427083312350715394e-01
6.648504311202937389e-01
6.618856795323200259e-01
6.471955229997888859e-01
6.719551288610339235e-01
6.766559863224244076e-01
6.548611201091198986e-01
6.649572733216561060e-01
6.590277765137261268e-01
6.877403874109442317e-01
6.921474444401314319e-01
6.740117513885099942e-01
6.901709367481306812e-01
6.918803327677085502e-01
6.692307731216280420e-01
7.077190181893161514e-01
6.957532098341702165e-01
7.185630309912893754e-01
7.134348266145104089e-01
6.900373926529518309e-01
6.962873997469233300e-01
7.115918801317357989e-01
7.108173126784654849e-01
6.962339768552372465e-01
6.941506408919126958e-01
7.204593947937345533e-01
7.061965724405568912e-01
7.241720047771420532e-01
7.235309786330430537e-01
7.239583315184483503e-01
7.124465803305308764e-01
7.123130302653353230e-01
7.265491467446852925e-01
7.201923026233655323e-01
7.280448754755859397e-01
7.103365424733895095e-01
7.379006459735907297e-01
7.456463690624278717e-01
7.218215742554420222e-01
7.569444438076426973e-01
7.646100476829922332e-01
7.545940156739492366e-01
7.338675265001434189e-01
7.606036301033619607e-01
7.649839768807092932e-01
7.611645378299757292e-01
7.489049123265802965e-01
7.776175315818215639e-01
7.788728628721501845e-01
7.602296985176383304e-01
8.034188149767553799e-01
8.082799136511280569e-01
8.159989316621396593e-01
8.413461475418163582e-01
8.339476485728707367e-01
8.225427336162991487e-01
8.147435884317780763e-01
8.165331175948820075e-01
7.808493562361112916e-01
7.878739355593663563e-01
7.666933804623082827e-01
7.751068387530807291e-01
7.965544939805299096e-01
7.799412403096499524e-01
7.731303382250998002e-01
7.622061974536148421e-01
7.810363196409665365e-01
7.630876059142441825e-01
7.648771390573591011e-01
7.662927358387372490e-01
7.879540595488669918e-01
7.999198758640350126e-01
7.987446613991870947e-01
7.757478648971797286e-01
8.126869591382833713e-01
8.094551265239715576e-01
8.127670910878058708e-01
8.251869542221736964e-01
8.303151761110012519e-01
8.154647393613798645e-01
8.238247843124927305e-01
7.904113278939172149e-01
7.823450873550186202e-01
8.117788463958307554e-01
7.885149529474412278e-01
8.025106918862742189e-01
7.708333337790945761e-01
8.351228606497119733e-01
8.210202918475508760e-01
8.337606859640178669e-01
8.266025661275937519e-01
8.552884604049544315e-01
8.381944421010139035e-01
8.101495652117280954e-01
8.209668800998957128e-01
8.233974362031006855e-01
8.507211573867716758e-01
8.635683781825578276e-01
8.721420971883666606e-01
8.218482933365380827e-01
8.438835462443847746e-01
8.697916634826579063e-01
8.756677326228883285e-01
8.842681702385600806e-01
8.677350437411894823e-01
8.834935836812369825e-01
8.727831177604503665e-01
8.823985075339293438e-01
8.769497833190820213e-01
8.774038420783148995e-01
8.248664582641713761e-01
8.441239325409261030e-01
8.250267189792078737e-01
8.147168793739415493e-01
8.804220149659701677e-01
8.509348314414676429e-01
8.731303402883373588e-01
8.468482962403541814e-01
8.080128171027470829e-01
8.873931634375172850e-01
8.782585478491252706e-01
8.518963702596151766e-01
8.480769256368663189e-01
8.572649609329353604e-01
8.415865402063751333e-01
8.520299091807796987e-01
8.519497776292583868e-01
8.750801301664775655e-01
8.726495676952548131e-01
8.820245711721924620e-01
8.762019249236481233e-01
8.864049171535377525e-01
8.566506414586660956e-01
8.738781986837711457e-01
8.723557792030847136e-01
8.783920915463032664e-01
8.742788568393796700e-01
9.008814048053872536e-01
8.596153898626310852e-01
8.565438020433115973e-01
8.807959354076629888e-01
8.733707234008698528e-01
8.552083284554318210e-01
8.606303404284337821e-01
8.639957326599674303e-01
8.636752175979123258e-01
8.662126067484545722e-01
9.076388855902557395e-01
8.999198739472615838e-01
8.642361157724998133e-01
8.739850476511521471e-01
8.803952899880898020e-01
8.433760709614835926e-01
8.595352563211040575e-01
8.771901616556011527e-01
8.871527819169890972e-01
8.880341919696228548e-01
8.663728626874775962e-01
8.770833349762818809e-01
9.193910254627210010e-01
9.072649540045321093e-01
8.725427314639091492e-01
8.907318370591881251e-01
8.507745723184355624e-01
9.103899615315289573e-01
9.021634746056335086e-01
8.364850369274106079e-01
8.758814146376062704e-01
8.661057768851263550e-01
8.336538497326720920e-01
8.741720110560075030e-01
8.889690105859030522e-01
8.944177332087459575e-01
8.900641058372635861e-01
8.544337594101572009e-01
8.705662341199369436e-01
8.775106878616870665e-01
8.947649573286373670e-01
8.860042828779952639e-01
8.853632400178500506e-01
8.939903819153451892e-01
9.072115406648725289e-01
8.987179456485642204e-01
8.720619747908704422e-01
8.981036309503080961e-01
8.884615257509751451e-01
8.851495755151804756e-01
8.664796989188234821e-01
8.751869552537926422e-01
8.741987185218395018e-01
8.882478532882837063e-01
8.504807679062215131e-01
8.904380342389781600e-01
8.934027730909168685e-01
8.669337560860519432e-01
8.753472350728817020e-01
8.926549146954829705e-01
8.902510708341231371e-01
8.903311964156281899e-01
9.142361104361010904e-01
8.853899538516997181e-01
9.118322665747413680e-01
8.775373937355146481e-01
8.755341940997248829e-01
9.154647334645954482e-01
8.710202992471873795e-01
8.746260698152403812e-01
8.916132487038260779e-01
8.978899489355901542e-01
8.947916647944693658e-01
8.404647470412091037e-01
8.488781989639639924e-01
9.204861079780463085e-01
9.035523472051334437e-01
8.669871757937294143e-01
9.127136750353708194e-01
9.074252115355597725e-01
8.722756377015357110e-01
9.196047042934303306e-01
8.747062049487716040e-01
8.860844020914827590e-01
8.770299184526133551e-01
9.188301177361073435e-01
9.215811920853762551e-01
8.807959354076628777e-01
8.892628134061129064e-01
8.914262852989709440e-01
8.900373856353963609e-01
8.756944400887203273e-01
8.649038438104156290e-01
8.732371765196832447e-01
8.716880288771075014e-01
8.743589712768538025e-01
8.796741390584880138e-01
8.704861021704144441e-01
8.932425251119157084e-01
8.900373951874227529e-01
8.931623899783842635e-01
9.048076872514863034e-01
8.930555632990648807e-01
8.450053394095510262e-01
9.179220129536767026e-01
9.174679494184305728e-01
9.000801203342583268e-01
8.845619587307300691e-01
8.980235053688032654e-01
8.910790564030662830e-01
9.132478657441260861e-01
8.698717938401758776e-01
9.138888879082140981e-01
8.711271370705375716e-01
8.907852599508742086e-01
8.924145252149328078e-01
8.854166692775538028e-01
9.003739295224857386e-01
8.958600462119802321e-01
9.048076888434906095e-01
8.938034232865030848e-01
8.788995763812308404e-01
8.622863227103509942e-01
8.912126064682617255e-01
8.790598355042629208e-01
8.940170925651859113e-01
8.993055560649969582e-01
8.753472207448420583e-01
8.564102603361393173e-01
8.923344044094412286e-01
8.628205086430931203e-01
8.719551274154939691e-01
8.588408160413432135e-01
8.549679469349038552e-01
8.590811848258359529e-01
9.087339760656030219e-01
8.507745723184357844e-01
8.966079014234051847e-01
8.936965886471617271e-01
8.808226476495082391e-01
8.818376093593417453e-01
8.930021372233699628e-01
9.023237162166171110e-01
8.944444422665822625e-01
8.611378220793528548e-01
8.902510676501143028e-01
9.014156114341864701e-01
8.837606790356146158e-01
8.837606838116278674e-01
8.853098250861860530e-01
8.818643152331694379e-01
8.689636747297058150e-01
8.493322688672276799e-01
8.812232835170549228e-01
9.129540501878810055e-01
8.977831270322840229e-01
8.940437984390136039e-01
8.975160205338754693e-01
8.959935899091581168e-01
8.598290575493094945e-01
9.218750140096386714e-01
9.163728684951096826e-01
8.683760674972820226e-01
9.009615415309228936e-01
8.887553381232115024e-01
8.915064108804759968e-01
8.861111207013455671e-01
8.868055498370757128e-01
8.956196583234345976e-01
8.716346187214566443e-01
9.051816220212186570e-01
8.978098344981160217e-01
