3.725160224379127638e-01
3.738247809979395320e-01
3.934294929266229923e-01
3.876335437958821073e-01
3.815972167266230008e-01
3.894230781330002555e-01
3.874198773032069831e-01
3.902510744479730787e-01
3.783653884903233067e-01
4.024305516838008745e-01
4.057158059957954865e-01
4.058226501871633474e-01
4.045138920251375447e-01
4.098557613025873292e-01
4.121260734068022402e-01
4.220085446046203947e-01
4.151709410242545029e-01
4.427350365644335817e-01
4.470886854279754741e-01
4.328792708424422098e-01
4.334935919087156697e-01
4.410523507966954693e-01
4.395566228617970306e-01
4.522168794567258954e-01
4.624465723864287781e-01
4.556356762718950515e-01
4.446314095209041861e-01
4.298344052149952743e-01
4.388087684463741200e-01
4.341613235286412298e-01
4.344818366006908406e-01
4.381677391182662307e-01
4.398771355358453428e-01
4.395299145999627122e-01
4.377136723990113776e-01
4.348824784382541164e-01
4.419337592573246987e-01
4.610042749052374322e-01
4.549946628638312784e-01
4.502403916647801374e-01
4.568108931247495397e-01
4.516292750103096942e-01
4.556089839301048494e-01
4.460203056024690249e-01
4.556623901057447190e-01
4.406784255789895077e-01
4.501602577252520887e-01
4.468750002292485313e-01
4.527777824073265789e-01
4.514155993636092545e-01
4.419871805570064760e-01
4.510149646900658560e-01
4.439636751149709792e-01
4.592147326080972536e-01
4.469284135689083337e-01
4.606303349614907505e-01
4.485042718613249657e-01
4.580662411311243187e-01
4.569978652856288015e-01
4.445779894152258049e-01
4.276976503399956830e-01
4.446314091229031651e-01
4.654380298482302392e-01
4.523504263379124479e-01
4.541933732186881900e-01
4.480502150920976367e-01
4.775908107622566234e-01
4.642628090153647635e-01
4.427884570681131504e-01
4.557959433549489958e-01
4.686164479288789653e-01
4.631143195283973224e-01
4.768429551528304833e-01
4.639690185331890593e-01
4.622329035057471391e-01
4.786057641140670782e-01
4.715010683633322763e-01
4.654914475659019946e-01
4.533119695340720456e-01
4.723023552224675514e-01
4.620459361208809623e-01
4.489049204649068758e-01
4.719551215505497499e-01
4.696848285503876785e-01
4.516025695344831892e-01
4.923076894866604269e-01
4.475961479748416516e-01
4.543002130320439313e-01
4.926816250523949892e-01
4.956196548464970597e-01
4.951923099211137935e-01
4.960470077319023008e-01
4.789262875341451786e-01
5.071047073246066628e-01
4.870192315588648957e-01
5.220886774233773897e-01
5.104433713942511108e-01
5.025106793285434303e-01
5.169070525429186880e-01
5.280715812029491696e-01
4.985309755827626588e-01
4.958600387550317623e-01
4.879273482813284990e-01
5.038461489364122192e-01
4.994390962852371385e-01
4.856570544851641635e-01
4.861645321560721378e-01
5.182158178689643124e-01
5.087339797526851948e-01
5.271634581124680086e-01
5.244658130229028492e-01
5.180288417280738411e-01
5.282852560536472897e-01
5.310096038330314183e-01
5.368589718754475104e-01
5.426816221040028365e-01
5.352564100972098116e-01
5.247061889714155214e-01
5.326121759592976623e-01
5.513888871949961246e-01
5.491453016606661075e-01
5.600427333743144276e-01
5.455395318886153699e-01
5.543002142992794479e-01
5.619391067287859975e-01
5.652510689046138515e-01
5.618055558675884020e-01
5.706463614717507404e-01
5.797542735743217435e-01
5.764690204563303055e-01
5.626335430285359651e-01
5.508012807585744852e-01
5.504540582306873819e-01
5.516559785693628815e-01
5.769497914574085451e-01
5.843482920183584728e-01
5.853365335263248648e-01
5.904914589009733206e-01
5.813034220128997509e-01
5.867521422477358639e-01
6.086805438001950952e-01
6.033653847745851229e-01
6.092681637686541141e-01
6.125000019549813324e-01
5.947916705447893193e-01
5.741453013804732608e-01
5.973557695491702457e-01
5.940705220031942124e-01
6.034455119480944818e-01
5.759081246697494993e-01
6.313568316081650256e-01
5.619391027487750101e-01
5.618589747792634981e-01
5.663995639635965862e-01
5.772970076172778686e-01
5.721153835328216530e-01
6.485844071413207068e-01
5.822382430171864076e-01
5.720619638251442929e-01
5.546474392151730104e-01
5.813835428183913301e-01
6.014423103222990008e-01
5.698717940184805375e-01
5.985844069057040251e-01
6.007745759163656274e-01
6.013354621509201525e-01
6.024839699459381137e-01
6.163194338416951856e-01
6.206463625033696863e-01
6.141559778688809867e-01
6.254540637581267326e-01
6.228899607737349298e-01
6.149572591560009682e-01
6.183760647271943078e-01
6.216613273972120268e-01
6.201121829386450068e-01
6.242788508852832319e-01
6.268963664133323510e-01
6.038995738913360833e-01
6.316239301465514933e-01
6.323183752023255888e-01
6.399038415561374427e-01
6.339209473285919438e-01
6.329861159762766309e-01
6.317307759299237713e-01
6.193376075253528290e-01
6.339743590762472181e-01
6.363514938797706355e-01
6.400641038631782465e-01
6.121527818151009104e-01
6.357371807735190394e-01
6.134081154934361013e-01
6.186164502277333721e-01
5.983974403168400569e-01
6.538461464592534300e-01
6.330128138900821266e-01
6.383012885339239828e-01
6.385683727442709179e-01
6.254807688359521611e-01
6.420406012071502300e-01
6.499465842150214945e-01
6.524305520658818525e-01
6.719551312490406048e-01
6.602831169580801740e-01
6.505341882634365636e-01
6.317040636880784099e-01
6.380341820355154292e-01
6.825587577544725004e-01
6.735576954152848739e-01
6.796741460760434839e-01
6.563835403858085948e-01
6.456196615233634750e-01
6.516559846126115385e-01
6.752403819790253614e-01
6.789796978362604429e-01
6.727564141281648924e-01
6.969284139509892562e-01
6.886752147832486681e-01
6.677083369248952849e-01
6.597489326173424651e-01
6.668269268722615273e-01
6.920673081125968684e-01
6.691239376862844201e-01
6.907318393007302326e-01
6.951121820980666888e-01
6.997061909900770260e-01
6.719818339388594630e-01
6.880341878431475156e-01
6.954593950739274000e-01
6.922542699254475851e-01
6.878205121964471314e-01
6.977297047901357407e-01
7.034455148073343045e-01
6.857638876789655669e-01
7.014156025316979903e-01
7.014156025316979903e-01
7.141826866019485021e-01
7.122329014998215468e-01
7.195779974771361331e-01
7.228098332754566702e-01
7.225160256792337865e-01
7.054487100651121168e-01
7.318108908386311562e-01
7.208600402133077401e-01
7.241720079611508876e-01
7.390758628264451069e-01
7.357371828367567090e-01
7.414797082798094685e-01
7.445245758972616201e-01
7.512553380722672980e-01
7.493055561541492882e-01
7.450053421223264971e-01
7.374198741765103371e-01
7.480769251656328445e-01
7.455395376070951263e-01
7.399572617350480552e-01
7.415331232114734661e-01
7.481837598049742022e-01
7.571848301041838036e-01
7.512286274224264648e-01
7.318109035746662716e-01
7.512286306064352992e-01
7.400106798507208872e-01
7.438568351233105780e-01
7.491720044969494285e-01
7.634348260541248266e-01
7.512019247326076066e-01
7.701388903153247867e-01
7.725160267108525103e-01
7.733707308896586863e-01
7.912126091810371964e-01
7.928418664850740427e-01
7.945779870845314230e-01
7.929220127626361858e-01
8.036858888390736588e-01
7.946848296838947556e-01
8.096420978888486664e-01
8.018162340944647859e-01
8.043269253312013145e-01
8.023771370450654139e-01
8.132211546230520005e-01
8.157852623834569439e-01
8.115651723411347884e-01
8.025908158757747435e-01
8.224626064427897898e-01
8.340544840082142475e-01
8.302350441614786414e-01
8.366452992344514117e-01
8.183760712416763283e-01
8.201655940367624797e-01
8.324252139681425078e-01
8.329059833772162191e-01
8.416666673798847143e-01
8.406517040780466798e-01
8.448717861603467494e-01
8.581730848194186745e-01
8.591079018436945658e-01
8.578258606995271540e-01
8.657318357473764436e-01
8.609508523064801633e-01
8.665064047926509527e-01
8.767895257880544690e-01
8.755341809656884688e-01
8.755341905177149719e-01
8.733440159350378540e-01
8.734775675922376026e-01
8.887553397152159196e-01
8.897970041148682840e-01
8.913461533494483335e-01
8.877670870632187183e-01
8.861111111493191750e-01
9.054754328014504861e-01
9.115117562886996261e-01
9.088942288206173226e-01
9.125801377062103814e-01
9.087606883074482722e-01
9.060363309760377515e-01
9.047809861536719733e-01
9.120726385432429417e-01
9.103899615315289573e-01
9.066506424902849304e-01
9.144497892668104200e-01
9.207799203502825547e-01
9.208333352819466633e-01
9.185630367097690208e-01
9.266559847144997253e-01
9.196047042934303306e-01
9.214743638140523441e-01
9.241987243294714771e-01
9.248664539593915990e-01
9.327190172595853923e-01
9.405448699099385745e-01
9.290331195180232537e-01
9.441239361961683008e-01
9.328525657327765286e-01
9.349626099579355643e-01
9.333066260840138240e-01
9.327991412490860279e-01
9.322115419766842104e-01
9.332264973185000478e-01
9.537393100496029952e-01
9.487980802217099718e-01
9.503472278642857152e-01
9.518696648570206253e-01
9.597489276630244426e-01
9.577724350950655996e-01
9.585470105083578884e-01
9.598824761362156899e-01
9.554754322410647926e-01
9.599626033097249378e-01
9.700854763261271829e-01
9.584668849268529467e-01
9.561965831706666918e-01
9.616720132593415959e-01
9.659187996234649409e-01
9.616453010174963456e-01
9.690437975984352859e-01
9.642895327674017025e-01
9.716346112326679219e-01
9.715010611674723684e-01
9.730769321959241713e-01
9.678685895016049257e-01
9.643162418252382295e-01
9.713408179644844598e-01
9.717414506480224201e-01
9.685363175395206303e-01
9.661057678043332153e-01
9.657318298505920273e-01
9.722222168730874081e-01
9.765224309049100881e-01
9.720085428183913301e-01
9.678685879096005085e-01
9.693910296783487812e-01
9.806623937737228847e-01
9.775640984885712870e-01
9.841079084027526402e-01
9.856036299696335767e-01
9.825587623521814251e-01
9.662927328011927663e-01
9.754540606314299200e-01
9.711805508814305155e-01
9.758012879353301638e-01
9.724091850539559045e-01
9.771100429133471321e-01
9.792735100301921403e-01
9.742254280509092812e-01
9.773771334917116249e-01
9.649305597075028551e-01
9.691773492556352565e-01
9.715010707194987605e-01
9.623397428892614958e-01
9.664796850620172020e-01
9.821848291744532666e-01
9.693108913608086130e-01
9.672275673375170246e-01
9.692307705553169228e-01
9.670138900988121122e-01
9.710737162420891577e-01
9.743856823979277770e-01
9.761485136472261015e-01
9.672542763953533296e-01
9.735576872769583501e-01
9.815972187580206398e-01
9.787927278850832025e-01
9.771901764548740488e-01
9.672542684353314657e-01
9.736645330603305171e-01
9.819444428779120493e-01
9.782051222446636052e-01
9.719284204208953337e-01
9.762820493843820113e-01
9.883012782432074594e-01
9.901709425398427245e-01
9.853098398854589490e-01
9.809561854499018185e-01
9.777777773192803945e-01
9.834401660367974030e-01
9.755876154726387250e-01
9.819711519357485763e-01
9.802884653720080887e-01
9.749732800783253994e-01
9.811431520387656757e-01
9.768429475589693878e-01
9.794604622910164649e-01
9.799679487179485671e-01
9.830929482849234402e-01
9.860844105227379863e-01
9.840277796372387531e-01
9.827724332228684467e-01
9.811164557169643752e-01
9.874198681905738129e-01
9.856036347456467173e-01
9.772168743686797665e-01
9.848824774480273714e-01
9.866185932714715001e-01
9.861645313282297876e-01
9.796207341500835497e-01
9.828258592985632536e-01
9.801281998809585616e-01
9.821047051849527421e-01
9.815438117863785061e-01
9.767094022697870859e-01
9.803685845854953618e-01
9.848290609243588456e-01
9.876602592631282818e-01
9.848824742640185370e-01
9.817574842490699449e-01
9.816773522995475565e-01
9.864583373324483651e-01
9.801014971911395923e-01
9.858974359738520432e-01
9.794070569113788594e-01
9.793002174960241391e-01
9.823984968611317870e-01
9.869658126153495470e-01
9.788728646106189535e-01
9.919871759847698200e-01
9.846955172271809609e-01
9.735576952369803250e-01
9.837072645751837596e-01
9.869390940054868500e-01
9.845352565121446853e-01
9.753205217102653979e-01
9.857905933744888216e-01
9.763621797419000936e-01
9.903044846450161920e-01
9.902777819551971117e-01
9.751869684610611211e-01
9.801549137148082291e-01
9.870726631747351876e-01
9.913194431708408638e-01
9.956730737263320696e-01
9.895566214735690425e-01
9.837072582071662019e-01
9.881944483798792422e-01
9.881143212063698833e-01
9.870459413808634341e-01
9.874732878982510620e-01
9.881143212063698833e-01
9.885416709077663455e-01
9.837606874668700652e-01
9.852030020621087569e-01
9.792200839544971114e-01
9.798077039229564633e-01
9.889423067753130292e-01
9.864316234985986975e-01
9.955395252531410444e-01
9.852297047519276152e-01
9.808760741964364094e-01
9.774839697230573998e-01
9.875801225375925307e-01
9.806356815318775233e-01
9.840010689873979199e-01
9.686965750705481826e-01
9.876335533893005891e-01
9.838942295720434217e-01
9.785256420827319612e-01
9.838140960305163940e-01
9.771901700868566021e-01
9.814102553531653950e-01
