4.256410309965284466e-01
4.651175231441982971e-01
4.746794844539756197e-01
4.583333277294778241e-01
4.737980815653617395e-01
4.844017056827870649e-01
4.866720114189845292e-01
4.954059815878032458e-01
4.793803486813847381e-01
4.715544832949963849e-01
4.978899502346658679e-01
4.841079116186015607e-01
4.799679551178064330e-01
4.845352541559781456e-01
4.823717949991552234e-01
4.797542699190796012e-01
4.607638814446763376e-01
4.604433687706278588e-01
4.617521372806822066e-01
4.659989347888363609e-01
4.821314158666337724e-01
5.001869610486886497e-01
5.308760712798843429e-01
5.709668773298079980e-01
5.729700877116277180e-01
4.970352564038883481e-01
4.882478625473813394e-01
5.303418773871201308e-01
5.195245672749658761e-01
5.154914485975208294e-01
5.186164577165220946e-01
5.115384602775940870e-01
4.927884636717473898e-01
5.051014993307937351e-01
5.017361086912643930e-01
4.555555514863922628e-01
5.208600488228675163e-01
5.371527770836638238e-01
5.384615408177049201e-01
5.560096107168583934e-01
5.185897414946657458e-01
5.382478643750023828e-01
5.250801165771280532e-01
5.192841857544376882e-01
5.126068393070982721e-01
5.562232959155851697e-01
5.603098311166987422e-01
5.597756404079432535e-01
4.792468025962001721e-01
5.267628270209344654e-01
5.538461539480420415e-01
5.387019207462286907e-01
5.429487118863651762e-01
5.445245661987707653e-01
5.436164470883007027e-01
5.566773483068006012e-01
5.443375972219002268e-01
5.124732876498984124e-01
5.249198733741402556e-01
5.229967917578342007e-01
5.494391060728803788e-01
5.324786235060956496e-01
5.615117490673676715e-01
5.211538516430772594e-01
5.708066229827892801e-01
5.517093927050248370e-01
5.530982891845906968e-01
5.552617483414136190e-01
5.654647421633076654e-01
5.508814150961035550e-01
5.313835497467945812e-01
5.614583389117167034e-01
5.801816208877115244e-01
5.831196554578267355e-01
6.036858990406378522e-01
6.038728608534885689e-01
5.962072657341631610e-01
6.068376092574534475e-01
6.110042764080894084e-01
5.995192350740106146e-01
6.116987198718593088e-01
5.892361124866029032e-01
6.014957228659565391e-01
5.718482865864394915e-01
6.037660166621208191e-01
5.916933824236575434e-01
5.712339814402098703e-01
5.927350420472967674e-01
6.428418888622878802e-01
5.795673125574731799e-01
6.052350355391828973e-01
6.228098232521970257e-01
5.778846148497018831e-01
6.075854708368961798e-01
5.901175193552277154e-01
6.268429530736726596e-01
6.256410247749752962e-01
6.377136813014999683e-01
6.247596099463282870e-01
6.099626056404194863e-01
6.112980808203037908e-01
6.213408043751350585e-01
6.177884630667856980e-01
6.421207363406816748e-01
6.402510688600376865e-01
6.468215798720335918e-01
6.358173031710151468e-01
6.188568349322701723e-01
6.621527764787022985e-01
6.581730759169301948e-01
6.637019273052867652e-01
6.092948664584729723e-01
6.697382476085269598e-01
6.665865357997070584e-01
6.375267131206316940e-01
6.733707192743945136e-01
6.801014989614486694e-01
6.216079029135215261e-01
6.743856825762324370e-01
6.697382412405095131e-01
6.947115398625023364e-01
6.968215840876612610e-01
6.773504293881928984e-01
7.068108911188238919e-01
6.880341814751298468e-01
7.149038438995678479e-01
7.037927405192301311e-01
7.098557698803070748e-01
7.126602591612400950e-01
7.142628233274843641e-01
7.298344030466853427e-01
7.233707234900220717e-01
7.296207258079805413e-01
7.246527773702247099e-01
7.345352593140723751e-01
7.376869663468792471e-01
7.440438001201702400e-01
7.345886694697232322e-01
7.467681622275939013e-01
7.605502048236691959e-01
7.720085482439424940e-01
7.747061869654900956e-01
7.574519222745528246e-01
7.822916660553368429e-01
7.725694368665034784e-01
7.917200924239606863e-01
7.828525578619067726e-01
7.804220176787457497e-01
7.862980804509587252e-01
7.998130324686694159e-01
7.838140966800543064e-01
7.933760651538515063e-01
8.122596062528780747e-01
8.198450917107427127e-01
8.253739383230861426e-01
8.163461494140136221e-01
8.228098337466900336e-01
8.254273468867325825e-01
8.159722273803164949e-01
8.279113290656324731e-01
8.372329032828664808e-01
8.508279840660909477e-01
8.340010738525633904e-01
8.463141007555854411e-01
8.708333326583234113e-01
8.486378206274447500e-01
8.489583309134867140e-01
8.733440207110511055e-01
8.630608997156477002e-01
8.716346155374476989e-01
8.755608947995380253e-01
8.735042750580697124e-01
8.847489444236469325e-01
8.858173067371049036e-01
8.855769172565549630e-01
8.950854676146791089e-01
8.951923070300338292e-01
9.070245677079910029e-01
9.069177267006319765e-01
9.179487220115130075e-01
9.166666665393063962e-01
9.204326834943559188e-01
9.192307647476847254e-01
9.275106825252882325e-01
9.326388837180585867e-01
9.438835498996269724e-01
9.361378212387745368e-01
9.521901671830403924e-01
9.315171016969232554e-01
9.437499998344314189e-01
9.429220110814795497e-01
9.423611033548655591e-01
9.410790526586718663e-01
9.442307628754874615e-01
9.208066246321057191e-01
9.416933737249456593e-01
9.379006365680286894e-01
9.396367523914728181e-01
9.464476481080055237e-01
9.456463684128899594e-01
9.482638942889677347e-01
9.461805559376363917e-01
9.358173014007062918e-01
9.389957206753584140e-01
9.456196545790404029e-01
9.510149606782145604e-01
9.512286299568974979e-01
9.454593954560084335e-01
9.467414461522020153e-01
9.606570467734947272e-01
9.645299111039209450e-01
9.578792697344071794e-01
9.513621863901104980e-01
9.625267126621344094e-01
9.615651833960131567e-01
9.643429429230525596e-01
9.467681615780561000e-01
9.435363257797355629e-01
9.669337597412940299e-01
9.467414541122239902e-01
9.557425196354205621e-01
9.612980753056004080e-01
9.742788509425952537e-01
9.646901702269530254e-01
9.640758459766705091e-01
9.690972157141081178e-01
9.617788542667005114e-01
9.712072583472625142e-01
9.685096132576973549e-01
9.697115399643905231e-01
9.598824745442113837e-01
9.651175231123582110e-01
9.684561887740069652e-01
9.739049161728630111e-01
9.628472245401806795e-01
9.507478796518765707e-01
9.717681628898677815e-01
9.762019190268635960e-01
9.530715788276785672e-01
9.514957269032795484e-01
9.623397508492835817e-01
9.681891013796513068e-01
9.686698644207074604e-01
9.608707303802173083e-01
9.728098272895201459e-01
9.635416680039503579e-01
9.500534234520714438e-01
9.690972125300993945e-01
9.553685944177147116e-01
9.784722096390194856e-01
9.752670892665528113e-01
9.762019126588461493e-01
9.707265064502375029e-01
9.707799197898969723e-01
9.810630312332739855e-01
9.642093992258746749e-01
9.675747914574085451e-01
9.784722223750544901e-01
9.731570514094116664e-01
9.715811931169949789e-01
9.735576984209892704e-01
9.577724303190524591e-01
9.569978660497908685e-01
9.629006426558535114e-01
9.831196493827378813e-01
9.688568389695934036e-01
9.672008535036672461e-01
9.726762899603598189e-01
9.707799150138838318e-01
9.740117539962132032e-01
9.679754273249551177e-01
9.648504197979583807e-01
9.620459352930386121e-01
9.777510714454529239e-01
9.803953095633759496e-01
9.713141041306349033e-01
9.732638987847883616e-01
9.758279858491358816e-01
9.744658159394549157e-01
9.722756397647734916e-01
9.735309782191218231e-01
9.755876106966254735e-01
9.812767180240051790e-01
9.750534120278480099e-01
9.631944454760632546e-01
9.745993532686151317e-01
9.791933733046563892e-01
9.696848340905630526e-01
9.829326939379047223e-01
9.735576904609670734e-01
9.767361097356193067e-01
9.911057691161447858e-01
9.772168759606841837e-01
9.845085426782949067e-01
9.857638875006610180e-01
9.893696517006962399e-01
9.826923076413633940e-01
9.801549216748303150e-01
9.767895310353009730e-01
9.850961642387583428e-01
9.675747755373643733e-01
9.887820492442855880e-01
9.762820493843820113e-01
9.872596186195683465e-01
9.781784179628403297e-01
9.863782085669345889e-01
9.763888935757497611e-01
9.839743647055747555e-01
9.798878247284481535e-01
9.850961435427013635e-01
9.790331189576375603e-01
9.858707269160156272e-01
9.691506386057942013e-01
9.741185790835282798e-01
9.740384614620452020e-01
9.859775726993877942e-01
9.739850465303812044e-01
9.682959392030013879e-01
9.768162400931373890e-01
9.875534134797558927e-01
9.829326971219136677e-01
9.798878183604307068e-01
9.885149475218901749e-01
9.822649611239757661e-01
9.841613281104297783e-01
9.881944436038661017e-01
9.754006488837747568e-01
9.668536309757803648e-01
9.819177258600535474e-01
9.815170947685201153e-01
9.793002190880286673e-01
9.743322579142374984e-01
9.813301249956473127e-01
9.735844027028123238e-01
9.874465788404146460e-01
9.822115350482809593e-01
9.845886794038306578e-01
9.887286343126213684e-01
9.768429555189912517e-01
9.798611045265808173e-01
9.860309796710299279e-01
9.722756461327910493e-01
9.768963640826380246e-01
9.814369564509798360e-01
9.881410238961887416e-01
9.823717909873039833e-01
9.885683767815939271e-01
9.850427317950459782e-01
9.822382504741350440e-01
9.861111132125568446e-01
9.774305500153801507e-01
9.857104677929836578e-01
9.813835431113202556e-01
9.799412364761035388e-01
9.752670908585572285e-01
9.807425098032013233e-01
9.731570498174071382e-01
9.767361176956412816e-01
9.823450867054808189e-01
9.801549089387950886e-01
9.795405990165523269e-01
9.825854745940265644e-01
9.798344018367619590e-01
9.852831228676004471e-01
9.773771271236941782e-01
9.831463679926008004e-01
9.760416694558583517e-01
9.821047067769570482e-01
9.795138899587156889e-01
9.730235061202292535e-01
9.705929452410111402e-01
9.751602578112200659e-01
9.748130225472979582e-01
9.813835494793378134e-01
9.809027880302860769e-01
9.762019222108726524e-01
9.805822554561827165e-01
9.860576887288663439e-01
9.779647439081444737e-01
9.879540620833380249e-01
9.815170915845110589e-01
9.869925280412037427e-01
9.857371800348289081e-01
9.754273547576022274e-01
9.832531978559289065e-01
9.685363175395207413e-01
9.815705160682017816e-01
9.861111243565876538e-01
9.750267061540204283e-01
9.829326907538959990e-01
9.823450835214719845e-01
9.796741474897433521e-01
9.796474288798804331e-01
9.858173088003425732e-01
9.790598280154740873e-01
9.899305530592924507e-01
9.799946498157631192e-01
9.810096226696274346e-01
9.792467930123337494e-01
9.821581137485992929e-01
9.819444444699163554e-01
9.851762834522458379e-01
9.861645297362253704e-01
9.803952936433317777e-01
9.934027815221719848e-01
9.821314078747716003e-01
9.841613217424123317e-01
9.892895340792133840e-01
9.718750054892311141e-01
9.752670876745482831e-01
9.822649579399669317e-01
9.879807647731568832e-01
9.830128211114141923e-01
9.905715831834027707e-01
9.807158166654088571e-01
9.786324735380644846e-01
9.783386834538900789e-01
9.742521402927545315e-01
9.839743647055747555e-01
9.914797022938727222e-01
9.898504306617964543e-01
9.844551229706176576e-01
9.802884590039904200e-01
9.769765024001779707e-01
9.879807695491700237e-01
9.826388879336861448e-01
9.839476508717250880e-01
9.861378111263625623e-01
9.875801273136057823e-01
9.883547027268979601e-01
9.885416629477443706e-01
9.868322625501542156e-01
9.867521337846403284e-01
9.933493554464771780e-01
9.931356909438076030e-01
9.888087598941265322e-01
9.841880339842576930e-01
9.877136789708056419e-01
9.856303358434611583e-01
9.803418739356545286e-01
9.819978594015805751e-01
9.936698689165277543e-01
9.775641048565888447e-01
9.835203123143594350e-01
9.791666658388242794e-01
9.839209434058932002e-01
9.868856854418402991e-01
9.838408210083968708e-01
9.751602594032245941e-01
9.850427365710593408e-01
9.887019284387938978e-01
9.884081192505664859e-01
9.836271326256612602e-01
9.839476636077602034e-01
9.884348235323897613e-01
9.846420975195038228e-01
9.717147399981815870e-01
9.975427316549496659e-01
9.840544839190621396e-01
9.812767100639832041e-01
9.841613233344167488e-01
9.882211494776936833e-01
9.886752066449220333e-01
9.831730754584326881e-01
9.891559840140178306e-01
9.904914496418757430e-01
9.929754254527580759e-01
9.911591824558046993e-01
9.793536403877103336e-01
9.800213684256260382e-01
9.644764961722568364e-01
9.847489417108714616e-01
9.862179526279115649e-01
9.867521353766448566e-01
9.897435785104065076e-01
9.883547075029112117e-01
9.851762786762325863e-01
9.879006391916518304e-01
9.855769240958057731e-01
9.760683848817124364e-01
9.812767021039611182e-01
9.875534071117384460e-01
9.792200903225147801e-01
9.772702988523702672e-01
9.829326859778827474e-01
9.861378143103712857e-01
9.830662424110958586e-01
9.835737161019926234e-01
9.790865307052930566e-01
9.880341940328605244e-01
9.831196509747424095e-01
9.918803397534239341e-01
9.775640953045623416e-01
9.833600324952703753e-01
9.902510744893651129e-01
9.879540604913334967e-01
9.751068349195339824e-01
9.893696517006962399e-01
9.871527744282004857e-01
9.883546963588804024e-01
