4.471153753817590504e-01
4.736645283161575182e-01
4.751869645128902198e-01
4.903846198103875009e-01
4.844017064787892735e-01
4.844017056827871204e-01
4.947382503658787622e-01
4.737980744013419176e-01
4.766826988158062717e-01
4.978632435648359111e-01
4.891025715022006559e-01
4.737713701195187532e-01
4.695245710193601263e-01
4.715811995168527893e-01
4.657852527741183080e-01
4.733173097682814578e-01
4.729433710185381168e-01
4.885950922392881535e-01
4.708600414232311238e-01
4.642895335952440528e-01
4.525908094504449974e-01
5.155715709950169368e-01
5.321848302379122986e-01
5.228098307409856371e-01
5.737713666107411292e-01
5.240651723793429140e-01
5.152777649907984703e-01
5.568108951879870983e-01
5.249198685981268930e-01
5.287660246667188479e-01
5.169337655807662024e-01
4.930555574341207170e-01
6.053952922742081855e-01
5.355235030635808746e-01
5.018963709983050858e-01
5.174145262338156748e-01
5.274839691945121256e-01
5.440972196813831374e-01
5.266559772575512000e-01
5.201121816714094903e-01
5.153044859886678486e-01
5.245459401964123192e-01
4.821581185564526306e-01
5.164796940854982088e-01
4.835202908541401667e-01
4.950320476140731563e-01
5.025908128700704580e-01
5.341613259898800870e-01
6.049679529208402684e-01
5.111378132660164830e-01
5.140491467383172530e-01
5.922809832880640002e-01
5.275908157738864457e-01
5.357638949321374966e-01
5.591613233216807810e-01
5.693108990279016624e-01
5.768963653817136272e-01
5.620459453481384537e-01
5.350694403243370090e-01
5.607905949537570489e-01
4.889957265148305865e-01
5.422008518989269721e-01
5.380608953981318443e-01
5.506944469152352806e-01
5.235309864466006768e-01
5.189102549647164331e-01
5.250000085076714784e-01
5.061698711962780983e-01
5.055021383823492531e-01
5.110042679768341811e-01
4.795405998443945661e-01
5.003205254419237358e-01
5.271634597044725368e-01
5.033921021172123034e-01
5.901175225392366608e-01
5.145833374470727417e-01
5.361912486135449463e-01
5.945779925100823649e-01
5.890758565475798791e-01
6.040598338103700948e-01
6.046207240249357184e-01
5.677083400356718323e-01
6.021367529900665261e-01
5.528311894522007774e-01
6.169604679458161600e-01
5.834935902275590891e-01
5.861645294432965558e-01
5.801281964040210237e-01
5.985576898878455232e-01
6.185897395778925389e-01
6.205929475717055777e-01
6.145566209004474922e-01
5.978365341822307055e-01
6.281784202935348782e-01
6.199786296894407300e-01
6.258279881798303190e-01
6.283653852903945403e-01
6.173611197334067935e-01
5.999198709415574093e-01
5.895566291406623138e-01
6.086805549442257934e-01
6.309027808089542333e-01
6.134615383851221848e-01
6.442040699159996553e-01
5.807158100044625959e-01
6.428685851840891807e-01
6.132211504965765503e-01
6.261485064258942579e-01
6.474091807364397155e-01
6.290598287541641076e-01
6.270299132945190701e-01
6.295405981632380410e-01
6.403044917517237700e-01
6.488514937396743232e-01
6.531250034896736167e-01
6.668536279700759684e-01
6.708600391816889053e-01
6.713675240166167013e-01
6.649839700414583721e-01
6.435897392976996922e-01
6.717681598841633850e-01
6.701121744182374496e-01
6.485042775798047776e-01
6.811431538090745308e-01
6.663728617450110914e-01
6.946313983609533338e-01
7.053685812995984517e-01
6.876602530734152730e-01
6.990384629521614324e-01
7.017094021678990101e-01
6.978899623211631820e-01
7.064369643091136242e-01
7.306356811497964898e-01
7.380876149504612682e-01
7.217681561397690793e-01
7.270566228235888495e-01
7.037126133457207722e-01
7.340277744791445791e-01
7.409722186688683099e-01
7.417200834323198766e-01
7.480502129237875941e-01
7.432425236090636211e-01
7.428685840633180160e-01
7.586004276815641045e-01
7.647970039238277673e-01
7.666132548808032299e-01
7.583066184933368037e-01
7.642361105252533093e-01
7.656517065106294151e-01
7.811164531824936752e-01
7.790598270730074715e-01
7.922542767646985062e-01
7.819177328776091285e-01
8.039262783196237105e-01
8.027243675329744921e-01
8.076656021368808780e-01
8.048076915562661915e-01
8.154380255275301970e-01
8.270566217028176847e-01
8.328258577957111664e-01
8.350160323783881733e-01
8.267895279404443576e-01
8.352297080250885575e-01
8.408119520570477290e-01
8.405448646626918485e-01
8.490384580869958508e-01
8.501602528441665196e-01
8.491720065601869871e-01
8.614583339573990139e-01
8.634348376693887772e-01
8.699519257896984881e-01
8.629540523402712271e-01
8.690438003112107568e-01
8.791132440679092497e-01
8.784722187198125143e-01
8.851762782049994449e-01
8.907051264093470699e-01
9.038728606751841310e-01
9.129540581479029804e-01
8.972756485653738956e-01
9.126335478618612385e-01
9.059294820086568611e-01
9.102564098743290977e-01
9.169337634856882246e-01
9.034989338654737523e-01
9.266559831224954191e-01
9.154380355507898415e-01
9.054487269276227934e-01
9.159455060576779939e-01
9.246794857785232136e-01
9.233707308005063563e-01
9.262286302370901225e-01
9.242254270192903354e-01
9.326121794362352002e-01
9.350427339474359778e-01
9.346420980798891831e-01
9.366987194133619132e-01
9.521901655910361972e-01
9.369658195437527981e-01
9.393162389214222419e-01
9.502670927307543813e-01
9.395833422358219611e-01
9.426282082612696955e-01
9.365651773081885567e-01
9.365651613881444959e-01
9.494390976097847323e-01
9.476495811827162496e-01
9.411057696765303682e-01
9.567841904030904843e-01
9.513354661882431618e-01
9.482371820471224844e-01
9.576923095135606578e-01
9.640491464708603742e-01
9.565438041065490449e-01
9.587873904368815481e-01
9.579594032759339850e-01
9.595352440563021945e-01
9.586538451476993572e-01
9.548878186406231094e-01
9.598290643885604156e-01
9.526709477361450240e-01
9.612713678397681871e-01
9.556356865880835105e-01
9.619658144875469219e-01
9.598290675725691390e-01
9.670405927886309705e-01
9.653044849252089277e-01
9.647168840608025819e-01
9.803151776138533391e-01
9.733707318321250801e-01
9.639690113373290403e-01
9.699252203871042699e-01
9.774305531993889851e-01
9.636217967694642450e-01
9.742788445745778070e-01
9.738247874073491239e-01
9.796741379377169601e-01
9.711271375417708240e-01
9.707265016742240293e-01
9.818376098305749977e-01
9.669604640231173054e-01
9.737446602338399870e-01
9.794337643772108581e-01
9.641559715581755619e-01
9.596955175073736966e-01
9.544070476395452030e-01
9.608707224201952224e-01
9.713141009466259579e-01
9.646100478294568070e-01
9.802350472563351458e-01
9.610844044349130533e-01
9.623664408030672135e-01
9.631944454760632546e-01
9.753739350499250893e-01
9.654914531060772021e-01
9.640758539366927060e-01
9.634348174445649393e-01
9.517361116078164596e-01
9.714743664376755961e-01
9.572649582201597784e-01
9.654380381744130935e-01
9.684561903660113824e-01
9.587072537113459081e-01
9.581997816124532275e-01
9.637553356906287672e-01
9.633279923572498626e-01
9.723023424545924609e-01
9.606837637913532291e-01
9.721153933777768597e-01
9.686698755647381587e-01
9.622596173077566650e-01
9.680822699243187834e-01
9.719284251969084742e-01
9.686431601388840740e-01
9.658921017096592232e-01
9.674679488580448794e-01
9.682157992934569135e-01
9.799679455339398437e-01
9.603098322056295988e-01
9.648237234761571912e-01
9.660790682985231914e-01
9.641826853920251184e-01
9.649038586096885250e-01
9.631944454760632546e-01
9.616453026095007628e-01
9.632478588157229460e-01
9.633814120649271118e-01
9.521634708612392028e-01
9.693910312703533094e-01
9.709668768267346595e-01
9.659455182333278600e-01
9.689903826667711773e-01
9.600694331730532660e-01
9.560096213578158642e-01
9.649305565234941318e-01
9.649839730471626575e-01
9.607905936546813352e-01
9.588408085525544911e-01
9.674145243743544897e-01
9.665331254657515414e-01
9.715010675354900371e-01
9.636752308051810267e-01
9.801014876391132002e-01
9.617521420248553721e-01
9.702190088792741474e-01
9.687499915942167084e-01
9.696047069170534716e-01
9.626335504854846015e-01
9.710470151442747166e-01
9.725160244693104028e-01
9.726495665744838703e-01
9.624198700627708547e-01
9.641559874782195116e-01
9.663194545950642977e-01
9.736912421181670441e-01
9.594551248428148105e-01
9.693643222125166714e-01
9.648771304477992139e-01
9.689903794827624539e-01
9.747863341855187436e-01
9.730235108962425050e-01
9.732104631570669406e-01
9.708867496532253005e-01
9.717414538320312545e-01
9.778579044927897534e-01
9.889156088615074225e-01
9.822649611239759881e-01
9.895833368994231272e-01
9.741185918195633953e-01
9.808760726044321032e-01
9.756677394621392496e-01
9.803953047873625870e-01
9.718215810055407244e-01
9.913728628785181130e-01
9.753472244000841451e-01
9.719818369445637485e-01
9.745726505787961624e-01
9.743589717480871659e-01
9.841613185584034973e-01
9.777243607956120908e-01
9.852029893260734195e-01
9.761752211130582113e-01
9.833333298054515170e-01
9.756410256282894711e-01
9.806356767558642717e-01
9.802083286464722267e-01
9.699786273587462926e-01
9.819711614877748573e-01
9.813568404215012864e-01
9.834935873364789582e-01
9.829059801040551658e-01
9.840544823270577224e-01
9.857906013345105745e-01
9.817307672312116651e-01
9.814903761586571962e-01
9.743856823979279991e-01
9.742521307407281395e-01
9.788728582426013958e-01
9.782051365727032488e-01
9.809562013699457683e-01
9.817307735992292228e-01
9.792200871385059457e-01
9.748130384673420190e-01
9.815170915845112809e-01
9.783386691258504353e-01
9.905448629815353234e-01
9.895299044557106516e-01
9.857371864028465769e-01
9.807959470229270504e-01
9.871260685543727931e-01
9.746794868101420484e-01
9.781517041289907732e-01
9.870459350128459874e-01
9.840544823270577224e-01
9.821581233006256850e-01
9.905181555157034357e-01
9.839209449978975064e-01
9.872061989118909864e-01
9.801281966969497272e-01
9.810897418831148187e-01
9.854166586047562459e-01
9.872863260854003453e-01
9.880876057805159096e-01
9.749465773885067632e-01
9.761217934453587652e-01
9.783386691258503243e-01
9.858707285080200444e-01
9.832264983501189937e-01
9.841613297024344176e-01
9.807158134814002448e-01
9.780715865075078064e-01
9.745993532686151317e-01
9.703792648182975045e-01
9.709935906605842160e-01
9.638621894340229090e-01
9.681356816719739466e-01
9.806089708820366901e-01
9.734775680634710771e-01
9.687232904964021563e-01
9.819978721376156905e-01
9.758547092350118302e-01
9.696314016468504660e-01
9.758012799753081890e-01
9.584668785588352780e-01
9.640491480628647913e-01
9.639690208893555434e-01
9.741987126250550855e-01
9.724358941117922095e-01
9.556890951517299504e-01
9.816506416497067233e-01
9.641292736443698441e-01
9.725694409929788176e-01
9.583867529773303362e-01
9.743856903579499740e-01
9.648771240797817672e-01
9.634615344624234412e-01
9.674679536340582420e-01
9.674412398002085745e-01
9.559027771664480033e-01
9.732371817669296377e-01
9.693108961368218646e-01
9.802350472563350348e-01
9.728899592390426454e-01
9.762553387345410671e-01
9.795138931427245232e-01
9.702457258971328713e-01
9.685363334595646911e-01
9.778044879691214497e-01
9.645833339956071395e-01
9.753739398259382298e-01
9.781249934791498291e-01
9.665064164079152365e-01
9.636217919934507714e-01
9.843749942051039925e-01
9.737713676996719858e-01
9.710202965344117976e-01
9.778044895611256448e-01
9.772435786505030419e-01
9.714476494198170942e-01
9.792468009723556133e-01
9.721955173672773842e-01
9.787393145454235110e-01
9.706196558908517513e-01
9.784188026673773519e-01
9.783653893277175495e-01
9.818910215782303830e-01
9.760416646798451001e-01
9.604967940184804265e-01
9.582532013201305876e-01
9.694177260001500818e-01
9.519497888465211499e-01
9.717414570160400888e-01
9.629006442478580396e-01
9.690972220821257865e-01
9.719818369445637485e-01
9.725694489530009035e-01
9.790598248314653640e-01
9.721420976596000241e-01
9.710202949424073804e-01
9.716613314345350361e-01
9.807692331890773829e-01
9.880876041885113814e-01
9.842681627497713581e-01
9.706196463388254703e-01
9.788728725706410394e-01
9.754540669994475888e-01
9.782585371763278248e-01
9.780982939733398052e-01
9.838675109621805026e-01
9.843482803712543250e-01
9.905982906492346585e-01
9.893696628447270491e-01
9.786591937399318208e-01
9.888354673599586420e-01
9.802083429745118703e-01
9.819978578095762689e-01
9.852564074417463624e-01
9.795940155402207417e-01
9.865918858056393903e-01
9.823450851134762907e-01
9.883546931748715680e-01
9.841613281104300004e-01
9.830929514689322746e-01
9.846420879674772086e-01
9.853365250632293293e-01
9.790064035317835867e-01
9.834668703186204564e-01
9.821047035929483249e-01
9.812767036959655353e-01
9.813301329556692876e-01
9.834935825604658177e-01
9.887820460602767536e-01
9.850694488129043691e-01
9.853899543229330815e-01
9.907852556460943205e-01
9.861912324260442286e-01
9.832264935741057421e-01
9.849091833218548420e-01
9.654647472322495094e-01
9.810630344172828199e-01
