5.360309906845164285e-01
5.330929505423857018e-01
5.267094029352451523e-01
5.310897449365793443e-01
5.269230769899411193e-01
5.330929553183989533e-01
5.252403832621808100e-01
5.139156038371416324e-01
5.011485074288569708e-01
5.190170927880666252e-01
5.232104670065335084e-01
5.059294856957390341e-01
5.160256345302629555e-01
5.246527708557426894e-01
5.284188045268385370e-01
5.263087618936839185e-01
5.357104680604404257e-01
5.616720065983952237e-01
5.718482873824417556e-01
5.766559790851722989e-01
5.901442300050686596e-01
5.948985035921263709e-01
5.796741487888188438e-01
5.797542759623282027e-01
5.950320480853064087e-01
5.733173070555059869e-01
5.670673023495409470e-01
5.812232948393902809e-01
5.403311947663115289e-01
5.901175273152498013e-01
5.869925181962486471e-01
5.577991414719667418e-01
5.702724386420514602e-01
5.713942341952241710e-01
5.940437994133203059e-01
5.904647466591280702e-01
6.068108942296006614e-01
5.759348321355814981e-01
5.782585504154363898e-01
5.642895292904641646e-01
5.711538494906873709e-01
5.733440188993501607e-01
5.594551277338948303e-01
5.707799171089615875e-01
5.785790642834881536e-01
5.624732878855150942e-01
5.641559832052798207e-01
5.617788507897629735e-01
5.665865393084847934e-01
5.666399550361510551e-01
5.673344032759339850e-01
5.719551267977963649e-01
5.745459436160377242e-01
5.634615325774900985e-01
5.744658132585194199e-01
5.723023509176878854e-01
5.707532056631186013e-01
5.716613184055711061e-01
5.645032017531558255e-01
5.717414599071202197e-01
5.643696612399867751e-01
5.657852596133692291e-01
5.605769280630807927e-01
5.709935871836466781e-01
5.879807684602390561e-01
5.756410269273651847e-01
5.695512805484298502e-01
5.786591846909787673e-01
5.658119630991902405e-01
5.674946556329472092e-01
5.687767075231441316e-01
5.830395342543338577e-01
5.688835505205087628e-01
5.756677359852016007e-01
5.701121779270150736e-01
5.976228645055465805e-01
5.921741494447247955e-01
5.944978605605598654e-01
5.843215769905055756e-01
5.789796929870151265e-01
5.794604675701031660e-01
5.801816304397379165e-01
5.635950810506812347e-01
5.796207235091263010e-01
5.949519173297872499e-01
5.948450934364755138e-01
5.962339676279797551e-01
5.905181607947900257e-01
5.975160302642064103e-01
6.083600398821709110e-01
5.928418806666493346e-01
6.247596123343349683e-01
6.178151713286199609e-01
6.106570467161825944e-01
6.073717967822002128e-01
6.151976526165618964e-01
5.888621816968815370e-01
6.206463632993718393e-01
6.401709416865283275e-01
5.671741449489042797e-01
6.289529933188205968e-01
6.133546973777632694e-01
6.014155948964449161e-01
6.244925209599682114e-01
6.176282047397561037e-01
6.035523497714445629e-01
6.177350417671040317e-01
6.129006338425171396e-01
6.191239247146325120e-01
6.177083374852807562e-01
6.089743577644355366e-01
6.249732935530507572e-01
6.325320564210414886e-01
6.327190230099054569e-01
6.373397441437610444e-01
6.359508484601974487e-01
6.357371752015036348e-01
6.487179452664830759e-01
6.360042665758703917e-01
6.528311943014462049e-01
6.494658076419279613e-01
6.463141085691430643e-01
6.539262823887870280e-01
6.523771419102308844e-01
7.106036290717430148e-01
7.497863215832120121e-01
7.478899545967578888e-01
7.923344047342100183e-01
7.910523500580053380e-01
7.815705191057462642e-01
7.839476491332563191e-01
7.915331186710770073e-01
7.892093940232043359e-01
7.973557688996323334e-01
7.990651732772333649e-01
8.060096118949418020e-01
8.047809824984296645e-01
8.116452931466265897e-01
8.112713687249228922e-01
8.172809815623311991e-01
7.730502158276036928e-01
7.844017110764979206e-01
8.068910243355819079e-01
8.066239305732086917e-01
8.168803433067777231e-01
7.935630285587066401e-01
8.299946578649374240e-01
8.191773493447874754e-01
7.744925200748136174e-01
8.281784220320037582e-01
8.056089712513817558e-01
8.075320504796810184e-01
7.883279903385882470e-01
7.904380321757406014e-01
8.108974395272058322e-01
8.192841887601419737e-01
7.797809827786226222e-01
7.796474335094292218e-01
8.127136729721330388e-01
7.644230747261108183e-01
8.148771361089669485e-01
8.107638926460191131e-01
8.062767064533172823e-01
7.938034148552478575e-01
7.808226519542882382e-01
8.108974363431969978e-01
7.951121793852912178e-01
8.059294887014434305e-01
8.093750017384687689e-01
8.088675248635629478e-01
8.116987200183236606e-01
8.080128246647679813e-01
8.139423095326647761e-01
7.886752160504841846e-01
7.861645311817654358e-01
8.133012802045570533e-01
8.004273535349428759e-01
8.084935916858351224e-01
7.847756442542259681e-01
7.788728692401678533e-01
7.915064088172383272e-01
8.012286332300584402e-01
7.967147427555333339e-01
7.717948725972421098e-01
7.880876096140623233e-01
7.889156007550210958e-01
7.847756466422326493e-01
7.871794889115878435e-01
7.814369730205618092e-01
7.797809875546357627e-01
7.904380313797383373e-01
8.082264987194640593e-01
8.097222194903426207e-01
8.001602557925587833e-01
7.610309861727759806e-01
7.703792774078681571e-01
7.483974402276878379e-01
7.857906027800506399e-01
7.596420896932100097e-01
7.879006406371918958e-01
7.898504241473144338e-01
8.160256343519585176e-01
8.200320511355869701e-01
7.781784166223727484e-01
8.194177388253374161e-01
8.093749969624556284e-01
8.207532020651886473e-01
8.360843978758549788e-01
8.039797020073119471e-01
8.306356840090363125e-01
7.832531985054668189e-01
8.177350443015751758e-01
8.122596173969087729e-01
8.069177294134073364e-01
8.208867521303840897e-01
8.343750014582759222e-01
8.037126058569319387e-01
7.876602567286572487e-01
7.856570495308463631e-01
8.213408172576345256e-01
8.226228663618238013e-01
7.978365406967126150e-01
8.306356840090364235e-01
8.401709394449861090e-01
8.093749993504621987e-01
8.412126014566319032e-01
7.971688015147659900e-01
7.875267042754552360e-01
8.041132520725073896e-01
8.064636778181943910e-01
8.290064091929513213e-01
8.299412405452668562e-01
8.206730740956770243e-01
7.974358984611482626e-01
8.148237203813006868e-01
8.060363177687693836e-01
7.861912330755820300e-01
7.860576909704086734e-01
7.897970092156503252e-01
7.962339781224727631e-01
7.899305568928390864e-01
7.835470084896962728e-01
7.680555583320111124e-01
7.661858988113892099e-01
7.851228628021019729e-01
8.008814091101670307e-01
7.847489351963894411e-01
7.792735039137111963e-01
7.787927364946428677e-01
7.780715784010213687e-01
7.680021334503196462e-01
7.903579065942356596e-01
7.840811872584187991e-01
7.873397488306220771e-01
7.751335505969249029e-01
7.903579069922367362e-01
7.864850438558137480e-01
7.627938015020300222e-01
7.905181577572455431e-01
7.788461530183115045e-01
8.071046928182625813e-01
8.187232913815567503e-01
7.884615380157772302e-01
7.275908079603288225e-01
8.038194412922756715e-01
7.993055603697767353e-01
7.790331172191689024e-01
8.058493607319316965e-01
7.879006398411897427e-01
7.670673088640228565e-01
7.883279911345906221e-01
8.122061988832348645e-01
7.661858988113892099e-01
7.808493578281157088e-01
8.254807622163978786e-01
7.896367453166052153e-01
7.768162455186884419e-01
7.733173072019703387e-01
7.946314139562283829e-01
8.079326919192431067e-01
8.096153808709902755e-01
7.853632514866497605e-01
7.924412409655557932e-01
8.139690146104902047e-01
7.766826922694842761e-01
8.032585447096927123e-01
7.939369641244411469e-01
7.941506485271658811e-01
8.026442347874498395e-01
7.793269184473742284e-01
8.297542719663971722e-01
8.116185912528099955e-01
7.665064154654486206e-01
7.901175202976943313e-01
7.610309798047583119e-01
7.919070550328135560e-01
7.868322703637118387e-01
8.284989251540256783e-01
8.111378242317426324e-01
8.043269197591857989e-01
8.173611095318424891e-01
7.742788396521000926e-01
7.612980735671316390e-01
7.927350429897634942e-01
7.852564184393128199e-01
8.304754296620175946e-01
8.061698686299669792e-01
8.034722203563929854e-01
8.152777743645203135e-01
8.168002121532573767e-01
7.652510754190958719e-01
7.798878221939772315e-01
7.738782037845534090e-01
7.677350424739540768e-01
7.455929445787371490e-01
7.699519197464498310e-01
7.921207203314855061e-01
8.072916673671486354e-01
7.838408184739258378e-01
7.904113302819238962e-01
7.837606881164076444e-01
8.396901724239189679e-01
7.615918771833436463e-01
7.822916684433436352e-01
8.364583342375917496e-01
8.717414509727913208e-01
8.086271401590261476e-01
8.257478627447897290e-01
8.114316238679436522e-01
8.206997855415200105e-01
7.770833345050485175e-01
7.821314069323050955e-01
8.403846166836907994e-01
8.013087619955722163e-01
8.084668810359941782e-01
8.094818339898035564e-01
7.871260779599348334e-01
8.134882467934206884e-01
8.013354702574064792e-01
8.124198709479254488e-01
8.350961547758843917e-01
7.978899572203810298e-01
8.056623857850446768e-01
8.138354685253057497e-01
7.801816202381737231e-01
8.052083321998262377e-01
7.733707237256388645e-01
7.713675228958454255e-01
7.810096177471499423e-01
7.918803404029618465e-01
7.806089747155833258e-01
7.626068444651925571e-01
7.874198787901389718e-01
7.754540644649765557e-01
7.764423115449583523e-01
7.901709459753881726e-01
7.721955156288086153e-01
7.639423061130392600e-01
7.435363320012886579e-01
7.814369638665364937e-01
7.893162437865874903e-01
8.012820545297402175e-01
7.727296959895353368e-01
7.914529922935696904e-01
7.814636749143784034e-01
7.822649577935026910e-01
7.928685914629544085e-01
7.745459405784933526e-01
7.813034197713574214e-01
8.003739306432569034e-01
7.880074824405531864e-01
7.764422988089231259e-01
7.786057707017813856e-01
7.645299149374674696e-01
8.300480735926036857e-01
8.319711552089096296e-01
7.690438070039974372e-01
7.978365399007104619e-01
7.460203038321600033e-01
7.787660322128197032e-01
8.255341839140806215e-01
8.221153851089059161e-01
7.587072615249034202e-01
7.691239278094890164e-01
8.018162380744759954e-01
7.846420973730392490e-01
7.845886784613640419e-01
7.855502109114940179e-01
7.907585480337977479e-01
8.062500005794894786e-01
8.033119683973809488e-01
8.006677342594687996e-01
7.867788530440410488e-01
7.884081230841130106e-01
8.062767056573147961e-01
8.061431667361504960e-01
8.219551279758795514e-01
7.720085418759249363e-01
7.687500017957809018e-01
8.069444432472570039e-01
7.867521344341783518e-01
7.687232943299489030e-01
7.945245705608628972e-01
7.988781995243495748e-01
7.943910268636849015e-01
7.995993592099756020e-01
7.878205150556869540e-01
7.954594035051827383e-01
7.892361118370651019e-01
7.749198761442277483e-01
7.737179510295391083e-01
8.268696590939648150e-01
8.224359013649641392e-01
7.842414543414726324e-01
7.842948700691390052e-01
7.952190219846546615e-01
7.887019322723404224e-01
8.232905936037372419e-01
7.881677343995651119e-01
7.663194448965737759e-01
8.129006371729905478e-01
7.270833390454451983e-01
7.792735059037168011e-01
7.701655961891523683e-01
7.690705192458424655e-01
8.084668786479874969e-01
7.610576888625947278e-01
7.683493635402275368e-01
7.704594006013665286e-01
7.728632452587286261e-01
7.646100444989836209e-01
7.629273475872145882e-01
7.446314129246095481e-01
7.583066272493610427e-01
7.766292821138333080e-01
7.611111117542808113e-01
7.674145290039032785e-01
7.619658087690670545e-01
7.772702931338903998e-01
7.839209396774187155e-01
7.763087654597737863e-01
7.772970061717379142e-01
7.716346166582188637e-01
7.897703001578140203e-01
7.732104705726233762e-01
7.752938065359480380e-01
7.606036316953662668e-01
7.630341838185603631e-01
7.630876059142442935e-01
7.634882521298196334e-01
7.468750096029704855e-01
7.591613270501550437e-01
7.401976528076025241e-01
7.681356791375029136e-01
7.802617529836983756e-01
7.510683778514208875e-01
7.622596131812811038e-01
8.016292738736184864e-01
8.186431634120452383e-01
7.489850395000897665e-01
7.999999974655289670e-01
7.312232867902161981e-01
7.653312002045985496e-01
7.421474387057316324e-01
7.720085562039642468e-01
7.397435920583641522e-01
7.581997906200141912e-01
7.346955104770822587e-01
7.190438059723784914e-01
7.619391032932405494e-01
7.401175272260976934e-01
7.317574822749847163e-01
7.670940195138638007e-01
7.526442305718221704e-01
7.248664474449096895e-01
7.494123923854949521e-01
7.499999980259145493e-01
7.356837623330771958e-01
7.578258562482829142e-01
7.628472275777249401e-01
7.519497894960590623e-01
7.446314129246095481e-01
7.262553423324710211e-01
7.368589688379030278e-01
7.523237218777847346e-01
7.353098299513515235e-01
7.749465820180553299e-01
7.570779875048204710e-01
7.889957267345270031e-01
7.861645299877619841e-01
7.791666648963576636e-01
7.468482957691208179e-01
7.390491474005911332e-01
7.768429517905171000e-01
7.690705180518392359e-01
7.595886755575480542e-01
7.767628190449924475e-01
8.108173047916756859e-01
7.916399588824337696e-01
7.544070586371116605e-01
