6.904914538001911684e-01
7.038995715765616890e-01
7.168269199438584982e-01
6.988247861114577075e-01
7.022702959644743226e-01
7.172542736252658369e-01
7.295138903726370305e-01
6.915598300436877066e-01
7.138087633742481453e-01
7.322916725857391285e-01
7.207532035839607776e-01
7.574519198865463654e-01
7.119123924077830345e-01
6.962873953689112660e-01
7.191239347378921565e-01
7.221688043453500239e-01
7.086271369017851374e-01
6.953792718804290285e-01
7.155181601898281674e-01
6.933226513429584514e-01
7.184561951579445660e-01
7.292735044740967787e-01
7.342414505238461508e-01
7.373130287911393577e-01
6.813301315419693083e-01
7.034989349130126302e-01
7.128205127122564377e-01
7.265224341048389656e-01
7.967948687350392412e-01
7.834134616085096647e-01
6.786324745123711866e-01
6.752403855610351613e-01
6.874999955423877207e-01
7.001869659711662530e-01
7.025908102305271630e-01
6.911858988559653749e-01
7.134882510982007986e-01
6.966079028689453612e-01
6.985844022029230604e-01
6.922008522077757187e-01
7.157852583302137806e-01
7.059027775803692339e-01
7.280982919992544655e-01
7.120726475508039055e-01
7.231303395814874246e-01
7.048611147727212867e-01
7.095085465564177074e-01
7.396634632928504871e-01
7.450854724798445794e-01
6.787126100439037080e-01
6.825587597444781052e-01
6.741720105115419637e-01
6.781784161511393849e-01
6.804754249751567841e-01
6.788728647889235024e-01
6.773237175443487246e-01
6.763888885800399819e-01
6.745993590189350853e-01
6.716880311186497199e-01
6.761752157193472446e-01
6.713408133667757571e-01
6.820779923254097765e-01
6.768696552031060465e-01
6.893429475971776244e-01
6.993856791120308669e-01
6.905982900315369433e-01
6.791399557652890717e-01
6.986111108627583999e-01
7.144497859363372338e-01
6.801816273289613690e-01
6.793803376838182251e-01
6.799946607400972898e-01
6.831463661808998555e-01
7.055288483826523960e-01
6.823985014174482888e-01
7.020833329576201542e-01
6.858707227163081122e-01
6.835737190663050411e-01
7.352564102436741633e-01
6.935096143498125087e-01
6.814369633953031302e-01
6.954326911901052011e-01
7.257211512257145669e-01
7.214209411739028743e-01
6.924679463681502334e-01
7.072115452944213176e-01
6.914262851525067033e-01
6.908920972297588614e-01
6.936431580469903935e-01
7.050747872354129475e-01
7.110042661332930392e-01
7.028846154387434764e-01
7.032585422484538551e-01
6.885683781539018167e-01
6.820245710257281102e-01
7.106570555454390092e-01
6.896367551934005080e-01
6.967414537301430677e-01
6.873130369135457274e-01
6.905448719158641113e-01
6.850160241095173408e-01
6.883814091770312782e-01
6.836805545016486629e-01
6.958867455713259043e-01
6.927884614302052269e-01
6.964476477259244902e-01
6.958333318336650253e-01
6.928418835258890462e-01
6.909455125594240466e-01
7.264957210669914511e-01
6.761752069633230056e-01
6.919070497855671631e-01
6.924145282524772904e-01
6.956997861464817579e-01
6.935096175338212321e-01
7.004273510737041297e-01
6.979700827286539067e-01
6.983974427780788030e-01
7.022970082063195729e-01
6.914262775904856939e-01
6.964209410560945335e-01
7.153311951929688384e-01
7.652777785069156957e-01
7.630074775467317050e-01
7.525908148441559087e-01
7.646100429069793147e-01
7.525908148441559087e-01
7.892628208949015178e-01
7.715010709710354853e-01
7.399305578512258563e-01
8.018696549961453757e-01
7.701655977811567855e-01
7.518696623225495923e-01
7.470352583779737987e-01
7.334401775947493318e-01
7.443109010465633890e-01
7.811164503964858064e-01
7.641559861377518192e-01
7.624732884299804114e-01
7.559829081735039980e-01
7.544871762585945163e-01
7.631944397575836092e-01
7.895299154532768870e-01
7.805555546099048891e-01
7.749198701742111561e-01
7.732905981441338117e-01
7.888888861251690532e-01
8.012019193962087726e-01
8.206730788716902758e-01
8.017361124929709426e-01
8.297275656945685141e-01
8.026976481271094199e-01
8.090544834924050521e-01
8.310096155947597207e-01
8.255876060097644409e-01
8.384882520852435794e-01
8.365117515572624285e-01
8.495459437179260220e-01
8.758814138416042283e-01
8.859241437644529427e-01
8.547809843260507634e-01
8.845886749525864179e-01
8.906517035176610975e-01
9.161057683647186867e-01
8.930555529510364465e-01
9.037927303176660487e-01
8.961538434601745706e-01
9.237446623862298756e-01
9.250267043263992184e-01
9.116720138197270673e-01
9.080662384756610361e-01
9.061698722852090659e-01
8.773771354084849428e-01
8.963408108450408029e-01
8.960203037430078954e-01
9.040064099443774204e-01
9.299679468903276902e-01
9.131143140869262265e-01
9.274572644096154006e-01
9.407318357028001676e-01
9.348824796004173709e-01
9.197382463986036871e-01
9.404647483084446202e-01
9.380074831474030095e-01
9.289797049843601107e-01
9.052350453109057060e-01
9.465811933971877146e-01
9.478632488693945479e-01
9.520566242818647718e-01
9.426014968154268203e-01
9.423878251487373126e-01
9.653846120987182866e-01
9.659455134573144974e-01
9.653311963710519139e-01
9.584134588511581399e-01
9.420138863989939715e-01
9.252938044567903253e-01
9.614583320406256961e-01
9.596955095473516106e-01
9.525641019527727460e-01
9.403846115829087582e-01
9.459935901447746875e-01
9.614316253707958504e-01
9.638888881438306688e-01
9.742254304389157404e-01
9.518429446551534001e-01
9.514423048075957290e-01
9.577724350950655996e-01
9.682692269611561375e-01
9.669604672071259177e-01
9.620726515148948499e-01
9.620459376810450713e-01
9.495993623048321064e-01
9.562232914325007327e-01
9.462606894791634193e-01
9.600961533749204913e-01
9.571314081549645580e-01
9.529914524501714723e-01
9.589743602097542396e-01
9.492788559988012409e-01
9.547542749434454468e-01
9.592681606419575235e-01
9.658386740419599992e-01
9.632745758335814479e-01
9.600160230174022979e-01
9.532585493965535228e-01
9.645299087159143747e-01
9.673611094426903811e-01
9.730769218478956262e-01
9.789262843182962026e-01
9.718482860833660419e-01
9.451388875579731508e-01
9.612446595779341463e-01
9.686164510810476580e-01
9.716346176006853685e-01
9.664529919242246248e-01
9.522702991325630029e-01
9.411858976460418802e-01
9.783920944055430891e-01
9.436164537492469639e-01
9.739850425503701059e-01
9.645032020460845290e-01
9.624732865864394915e-01
9.669604656151217226e-01
9.572115353284738060e-01
9.685096100736886315e-01
9.725160276533191261e-01
9.692841894669919078e-01
9.465010654276762025e-01
9.683493573186743308e-01
9.680021331987829214e-01
9.776175221762595235e-01
9.645299166759364606e-01
9.826655985835272000e-01
9.570245735156228672e-01
9.736378208184852667e-01
9.675480736435477791e-01
9.607905952466857524e-01
9.485309816833235041e-01
9.565972230182243630e-01
9.633547022110885427e-01
9.583867529773305582e-01
9.604433759028074835e-01
9.729967962663906844e-01
9.729700840245454341e-01
9.467948738199013503e-01
9.514155973417637302e-01
9.629807706253651345e-01
9.533119667162243127e-01
9.819444444699164665e-01
9.745459423169620106e-01
9.668803384416122526e-01
9.732371809709274846e-01
9.622061976000793049e-01
9.471153856979475094e-01
9.624732857904372274e-01
9.516826974721545040e-01
9.643696591449089084e-01
9.638621774939898357e-01
9.634615384424343176e-01
9.448717969796087690e-01
9.729166675008769083e-01
9.471687990376073119e-01
9.533920938897335606e-01
9.514423103796110226e-01
9.557959457111153689e-01
9.289262785106641163e-01
9.416399603852858569e-01
9.614583312446235430e-01
9.474626106138412940e-01
9.580662339352643553e-01
9.533653880159058680e-01
9.392361149319216063e-01
9.705662377751789194e-01
9.648771384078212998e-01
9.444444464822100427e-01
9.748931624568424326e-01
9.435096135378902016e-01
9.672008574836783446e-01
9.667735061902775762e-01
9.514690138654320339e-01
9.517361147918251829e-01
9.557425275954425370e-01
9.468750041774195436e-01
9.409188030876665110e-01
9.339743640719569973e-01
9.315705134445785296e-01
9.449519241531179059e-01
9.370993568729130141e-01
9.434561954222173696e-01
9.295673094307765894e-01
9.468215804897310850e-01
9.586805581855468716e-01
8.935363263401211453e-01
8.978899600796209635e-01
9.463408102846552206e-01
9.200320508108179585e-01
9.190438013428297026e-01
9.139423092078957644e-01
9.180288460010136431e-01
9.278846172950205862e-01
9.233173023368048682e-01
9.232638850171340783e-01
9.255341875693227083e-01
9.139690166737279853e-01
9.138354689965390021e-01
8.950587649248603617e-01
9.162126085760755601e-01
9.164797071144621388e-01
9.136217965338473412e-01
9.158653892321972911e-01
9.236111115250321690e-01
9.091079140193440988e-01
9.272970028985769719e-01
9.448717977756109221e-01
9.483707337043224550e-01
9.236912371065371108e-01
9.184829047602466323e-01
9.478899611112397983e-01
9.407585479446455290e-01
9.453258549428392721e-01
9.505341880851322367e-01
9.422542711035306606e-01
9.376335467856664607e-01
9.316239331522557787e-01
9.413728682149168359e-01
9.311164546853456514e-01
9.489583321807220084e-01
9.458600424675858154e-01
9.180555558548523232e-01
9.296741432741156830e-01
8.984775633320339905e-01
9.440438042466456903e-01
9.388087652305251440e-01
9.283920973539351307e-01
9.276976483181499367e-01
9.250000032285847773e-01
9.215277747657054652e-01
9.288194438713227585e-01
8.937499940267993326e-01
9.198985031336290863e-01
9.248130278836966811e-01
9.318643194487969961e-01
9.237713626880420525e-01
9.305288498409282072e-01
9.227029884345511190e-01
9.094818424210588947e-01
9.283386704822380597e-01
9.363514944974682397e-01
9.286858961941337753e-01
9.088675197627809066e-01
9.307158148377877582e-01
9.421474348721849967e-01
9.434027765105421626e-01
9.115651712203637347e-01
9.442574792963442931e-01
9.372863290337924980e-01
9.231036346501264589e-01
9.334668852070457934e-01
9.354433745909959130e-01
9.209134632514583974e-01
9.321314140071724763e-01
9.359241503680872931e-01
9.285790631467968348e-01
9.391559797983902724e-01
9.390758518288788714e-01
9.485042758094958115e-01
9.363247886236405471e-01
9.351762816246248500e-01
9.425747837775790838e-01
9.418536280719642662e-01
9.357905907508654586e-01
9.138888910922230435e-01
9.407852554104776388e-01
9.447115338765658121e-01
9.467681631700606282e-01
9.402510647017221501e-01
9.158920927180183025e-01
9.377938035206917489e-01
9.470619683782769416e-01
9.405181616481043116e-01
9.492521357969340157e-01
9.439903877229771645e-01
9.331196594951498557e-01
9.319711509041297415e-01
9.365918855700227086e-01
9.022168791892691830e-01
9.139690166737279853e-01
9.420673084946779019e-01
8.896100438940218735e-01
9.237179453683714847e-01
9.229967928467651683e-01
9.021634626656007683e-01
9.259348290088847966e-01
9.307692321574585481e-01
9.195245739359121373e-01
8.881677348707984754e-01
9.368589745563828952e-01
8.911858958184208923e-01
9.309027806306495734e-01
9.087339800456140093e-01
9.189369667034881228e-01
9.429754260131436583e-01
9.436431620110812268e-01
9.367521303650151454e-01
9.404113262127606898e-01
9.341346172249722635e-01
9.451923056736462048e-01
9.436965864947717275e-01
9.340010703437857664e-01
9.509615377865285879e-01
9.480502082942388054e-01
9.396100385576231506e-01
9.333066276760182411e-01
9.228632491495873946e-01
9.306890994119337845e-01
9.344017125793500078e-01
9.395032055102860991e-01
9.515758588528020478e-01
9.425480802917581835e-01
9.316506382300810962e-01
9.224626005460052625e-01
9.271367565115802289e-01
8.918803392821906817e-01
9.229700869729375867e-01
9.241452950697678359e-01
9.115384645505336669e-01
8.762820536891617884e-01
8.944177371887569450e-01
9.076655962400965727e-01
8.824252118157526192e-01
9.235576926133571840e-01
9.369925246215783377e-01
9.363782019633003495e-01
9.578525638605792647e-01
9.408653849719936790e-01
9.437767057082591116e-01
9.393696586290994910e-01
9.420138935630137933e-01
9.441239354001660367e-01
9.407585463526411118e-01
9.048343986973294006e-01
9.155982859177975719e-01
9.278044861415001288e-01
9.295138865390905059e-01
9.384882445964547459e-01
9.557692310812636594e-01
9.446047000332264965e-01
9.201923131178587623e-01
9.080662376796587720e-01
9.288194422793184524e-01
8.903579030854580356e-01
9.002938039409809079e-01
9.032852526467579635e-01
9.306089730344265787e-01
9.433760602886860358e-01
9.363782051473090728e-01
9.574519240130214826e-01
9.419070501676480855e-01
9.465812005612075364e-01
9.242254294072969056e-01
9.395566252179633482e-01
9.640491536348803070e-01
9.445245768397282360e-01
9.464209406421734139e-01
9.514156005257723425e-01
9.444177270763449705e-01
9.451388963139972788e-01
9.014423093479922988e-01
9.098023511150963305e-01
9.090544887396514451e-01
9.492254259430954466e-01
9.229433723430857661e-01
9.495726492669847030e-01
9.440705117124776891e-01
9.057158071579586300e-01
9.255341867733205552e-01
9.440972247503252035e-01
9.242521416491421560e-01
9.244123928121521505e-01
