4.550747868533318030e-01
4.765491535266240253e-01
4.848824830518828066e-01
4.711805548932817556e-01
4.790865315331352958e-01
4.760683841175502584e-01
4.662660261632030068e-01
4.935897481428762057e-01
4.864583333842774082e-01
4.849626118173966383e-01
5.058493609102363564e-01
5.038995726241005668e-01
4.900641047483325630e-01
5.030715782991332929e-01
4.888621860016615361e-01
4.838408146722194547e-01
4.574519144928353431e-01
4.690438008142842063e-01
4.638888913596797559e-01
4.665598305754172226e-01
4.522702991644032000e-01
5.895566235686469092e-01
5.419871762522265879e-01
5.768162445762218260e-01
5.983440214051650718e-01
5.311164496164035853e-01
4.976228620443079453e-01
5.236912384056127134e-01
5.095085408379378400e-01
5.330929501443846252e-01
4.958066206393587638e-01
5.008814069004650094e-01
5.221420923550413873e-01
4.741185846873837706e-01
5.487179551432784796e-01
4.720619665379197638e-01
5.038194374905691220e-01
5.518162368963925868e-01
5.208867531046907917e-01
5.350427312665005930e-01
5.336805581728106818e-01
5.286057742997112285e-01
5.585202939935728361e-01
5.302884576794428817e-01
5.267628286129388826e-01
5.144497778298509072e-01
5.248664480944474908e-01
5.293269140852822074e-01
5.079594019513863357e-01
5.550480726947132348e-01
5.382745805968586206e-01
5.720886752709872791e-01
5.469551238939802662e-01
5.715277770963997916e-01
5.591613257096873513e-01
5.668536314788537034e-01
5.609508580567998948e-01
5.599626085888116389e-01
5.805021343577621007e-01
5.599091856971255554e-01
5.156250026427272592e-01
5.451655891588610414e-01
5.588140968137826903e-01
5.275641043280434594e-01
5.455395291026076121e-01
5.230769093793171676e-01
5.037126092192454330e-01
5.230769205233478658e-01
5.231837686947268251e-01
5.462339753523850483e-01
5.454594126751279859e-01
5.835470099352363382e-01
5.662126069267590101e-01
5.211805591089093692e-01
5.875000014391720260e-01
5.926816255236282416e-01
5.952457332840332960e-01
5.933760610273761671e-01
5.937232835552630483e-01
5.855769269868859039e-01
5.949786315616378829e-01
6.009882443990461898e-01
5.915865366402854875e-01
6.044070467862309171e-01
5.880074735380645956e-01
6.391559815686992385e-01
6.182158143601865774e-01
5.789529962672127494e-01
5.774038470326324779e-01
5.200587723117608974e-01
5.853632481561765744e-01
5.871527741352716712e-01
5.771901729779365109e-01
5.907051234036428955e-01
5.790064127908812752e-01
6.085202974131982412e-01
6.057425219661151106e-01
6.021367450300444402e-01
6.071047014278223575e-01
6.134882538109763805e-01
6.175480767702443696e-01
6.292200926532093286e-01
6.231036356244332719e-01
6.271367574858868199e-01
6.282051245753581536e-01
6.397435888011231420e-01
6.459935863430683600e-01
6.389957192616585457e-01
6.305288476312261858e-01
6.478098293400218477e-01
6.330128282181218813e-01
5.971955136101469996e-01
6.514690148397388469e-01
6.594551282051281937e-01
6.758547030452989324e-01
6.586004319863442147e-01
6.603632425395851158e-01
6.907318377087258154e-01
6.837339706273160012e-01
6.655715709058648288e-01
6.849091835001595019e-01
6.901442352523151635e-01
6.852564139880685801e-01
6.699252062373691752e-01
6.691506419681075846e-01
6.879006473299784652e-01
6.857104711552969301e-01
6.935096179318224197e-01
7.127670922085770355e-01
7.217414598179678897e-01
6.581463640730859099e-01
7.016292734023852340e-01
7.066506415478184255e-01
7.215544980051170620e-01
7.394230742103015119e-01
7.431356873777177352e-01
7.312767080898977534e-01
7.442307667090342083e-01
7.628205240919040397e-01
7.559027825919990562e-01
8.097489293441813007e-01
7.562232928780409091e-01
7.668536332173224723e-01
7.782318446880731599e-01
7.695779969167504397e-01
7.725961491083488397e-01
7.801282116745270612e-01
7.856303364929990707e-01
7.837072636327172548e-01
7.899305473408129163e-01
7.936164610024190047e-01
7.977564063591833232e-01
8.144764946694048602e-01
8.051816167739720420e-01
8.185096149388542131e-01
8.169604752563003336e-01
8.139423103286670402e-01
8.236378177236287623e-01
8.196581187538611868e-01
8.280181652969784700e-01
8.449786335357234446e-01
8.309829073329255689e-01
8.532585449453092830e-01
8.409455132662742027e-01
8.497329031427700574e-01
8.515758536055555439e-01
8.546207212230078065e-01
8.459668861877205348e-01
8.566239339928340968e-01
8.747596214724401298e-01
8.760149503747620692e-01
8.889690169539208320e-01
8.994390949861615914e-01
8.798343997735242894e-01
8.989049186054457463e-01
9.030448735142365679e-01
9.006410264688677891e-01
9.139690182657322914e-01
8.998664526475799175e-01
9.050747794218549913e-01
9.322916707421977645e-01
9.198717980558036578e-01
9.232104732694789151e-01
9.277510688218295609e-01
9.378472232283689980e-01
9.425213720299240316e-01
9.378472184523558575e-01
9.368589673923630734e-01
9.393162421054309652e-01
9.537393211936340265e-01
9.508547095152048989e-01
9.620192294192111415e-01
9.545672940265419459e-01
9.675213637897090990e-01
9.535790541105799711e-01
9.513621768380841059e-01
9.525373960789451644e-01
9.532585501925558980e-01
9.619925187693700863e-01
9.666666707549338433e-01
9.504807731534680171e-01
9.638888937158462955e-01
9.692574764291446154e-01
9.565972238142266271e-01
9.572916656859918882e-01
9.561965799866578575e-01
9.465544907073688563e-01
9.403846139709153285e-01
9.583333380456661166e-01
9.595886749080102529e-01
9.549412399403049978e-01
9.475961519230124974e-01
9.512286283648929697e-01
9.450854606862761909e-01
9.478632456853857136e-01
9.505341896771366539e-01
9.502938065646040489e-01
9.519497888465212609e-01
9.492254267390977107e-01
9.566239328720629320e-01
9.512820464805659126e-01
9.512820528485835814e-01
9.428685897817976613e-01
9.563301316438576061e-01
9.627671021426844611e-01
9.681623939138191970e-01
9.598290612045515813e-01
9.593215843296457601e-01
9.495993662848430938e-01
9.541399666132071022e-01
9.657852654783134483e-01
9.601495746746022686e-01
9.638354660481468494e-01
9.681089742061419479e-01
9.658653926518228072e-01
9.643429540670834799e-01
9.639423022794926244e-01
9.707532043640429986e-01
9.674679424900274327e-01
9.667200920546155096e-01
9.731570482254026100e-01
9.648237187001439397e-01
9.657318314425965555e-01
9.607104664811720873e-01
9.670673145825027239e-01
9.724359004798097672e-01
9.673878296445576064e-01
9.578792792864334604e-01
9.747863310015097982e-01
9.679754321009683693e-01
9.671207263301579982e-01
9.573718071875410018e-01
9.649572623973217134e-01
9.783386739018633538e-01
9.608440133623588064e-01
9.658920953416416655e-01
9.700854683661053190e-01
9.637553340986243500e-01
9.638888841638197924e-01
9.637820590765048268e-01
9.678953033354547042e-01
9.640758603047101527e-01
9.579593984999207334e-01
9.731570466333983038e-01
9.568643048405647278e-01
9.673878185005269081e-01
9.719017129550631129e-01
9.774572702172473759e-01
9.726495761265101514e-01
9.883012782432074594e-01
9.663194434510335995e-01
9.741720067512273928e-01
9.740384598700406737e-01
9.662126056276834074e-01
9.865384645059576130e-01
9.798076880029122915e-01
9.793269217778474145e-01
9.770032034979925228e-01
9.787126118556045418e-01
9.722489354829501051e-01
9.634081227147680559e-01
9.841346095005670813e-01
9.683760727445284155e-01
9.857371816268333253e-01
9.781250030311764432e-01
9.859508540895248752e-01
9.758814023728042963e-01
9.794871809008791619e-01
9.771634626210244923e-01
9.819978594015805751e-01
9.768429443749607755e-01
9.806356799398733282e-01
9.712873918887896529e-01
9.810096115255966254e-01
9.708600405953887735e-01
9.767628251614732804e-01
9.731570482254028320e-01
9.720886668078918547e-01
9.723557685302872677e-01
9.812232871722970096e-01
9.725427414871689047e-01
9.688034113018940685e-01
9.673611030746728234e-01
9.649038458736534096e-01
9.664262796823794854e-01
9.694177403281896144e-01
9.621794773982119686e-01
9.792735148062052808e-01
9.602297050321202398e-01
9.708333315375523576e-01
9.784187978913639894e-01
9.695512872093762224e-01
9.762553403265455954e-01
9.615117509523007922e-01
9.703525700885006211e-01
9.708333410895788607e-01
9.708600453714020251e-01
9.688835543954472662e-01
9.757211496177899956e-01
9.861645392882516514e-01
9.790331253256553401e-01
9.760416758238759094e-01
9.779647455001487799e-01
9.878739253578022739e-01
9.780448758576669732e-01
9.814636750608427551e-01
9.785790665664223509e-01
9.798611172626159327e-01
9.822649531639537912e-01
9.909188120793073207e-01
9.776709410879347306e-01
9.781517089050040248e-01
9.740384678300628707e-01
9.852831180915873066e-01
9.869925232651906022e-01
9.884348203483808160e-01
9.828525683563997806e-01
9.809561934099237934e-01
9.873130367352411785e-01
9.829594061797498616e-01
9.835202932103066509e-01
9.775373973907566238e-01
9.802884653720080887e-01
9.860576871368619267e-01
9.742254328269226438e-01
9.787393161374278172e-01
9.830929466929190230e-01
9.766025739984633969e-01
9.787126070795915123e-01
9.766292735042735318e-01
9.893696628447271602e-01
9.836271294416525368e-01
9.650641129567072429e-01
9.531784150590243421e-01
9.602831135957669018e-01
9.709401757289201074e-01
9.755341925809525305e-01
9.831463711766096347e-01
9.636752196611502175e-01
9.795138804066892968e-01
9.703525669044917867e-01
9.728632517732106466e-01
9.578525670445882101e-01
9.685363207235295757e-01
9.705395191653162223e-01
9.600694490930972158e-01
9.669337692933204220e-01
9.589476527439222409e-01
9.660790619305056337e-01
9.668536325677847820e-01
9.727029846901565913e-01
9.698450884375816594e-01
9.763354722760682058e-01
9.740651689278774228e-01
9.758814039648089356e-01
9.653312035350716247e-01
9.646901686349484972e-01
9.708600469634063312e-01
9.644764913962436959e-01
9.577457308132424352e-01
9.590545001192989361e-01
9.754807808332972563e-01
9.657318362186095850e-01
9.689903842587755944e-01
9.617521372488420095e-01
9.663995801765694615e-01
9.643696567569023381e-01
9.625000004202890480e-01
9.674145307423721585e-01
9.737446506818134839e-01
9.693910280863442530e-01
9.792735068461833059e-01
9.722756397647736026e-01
9.633814136569317510e-01
9.705662409591877537e-01
9.694711457078274419e-01
9.649572639893262416e-01
9.708600453714020251e-01
9.688034208539204606e-01
9.746527809363145778e-01
9.760950812035136259e-01
9.669871794489712791e-01
9.681623970978279203e-01
9.771100460973558555e-01
9.779647359481223878e-01
9.745993644126459410e-01
9.664796962060480112e-01
9.707799070538618569e-01
9.740384646460540363e-01
9.728632501812062294e-01
9.719017145470675301e-01
9.696314143828854704e-01
9.709935890685799098e-01
9.784722191910457667e-01
9.720085475944046927e-01
9.762019269868857929e-01
9.591613220226050673e-01
9.686698628287029322e-01
9.680822619642966975e-01
9.684294829001791616e-01
9.483440135024550077e-01
9.654113291165766775e-01
9.681356896319959215e-01
9.585737243422075560e-01
9.569444479341180365e-01
9.578258532107384315e-01
9.640491464708604852e-01
9.581463634967802845e-01
9.660790603385012165e-01
9.618322644223513684e-01
9.698717895353961005e-01
9.701655955396146780e-01
9.689369597750850938e-01
9.570245735156229783e-01
9.713141073146435156e-01
9.725694521370096268e-01
9.691506354217853669e-01
9.648504404940156931e-01
9.719818433125813062e-01
9.725961516428197617e-01
9.766025660384414220e-01
9.747061847239477661e-01
9.776709458639477601e-01
9.864049176247710049e-01
9.829326843858783302e-01
9.701388896657869854e-01
9.777510730374572301e-01
9.809027689262331817e-01
9.763888935757498722e-01
9.642093992258747859e-01
9.659722129631245213e-01
9.680822699243185614e-01
9.583066194358034195e-01
9.723290562884419064e-01
9.650908045024952919e-01
9.701388848897738448e-01
9.632745678735594730e-01
9.631677364182268386e-01
9.599358926598839936e-01
9.588141010867223812e-01
9.573450806176559968e-01
9.596153871498556143e-01
9.591346161487774857e-01
9.573450774336472735e-01
9.581196512549350341e-01
9.642361098757156190e-01
9.685630393333924948e-01
9.681356848559827810e-01
9.677083367465907360e-01
9.697115415563950513e-01
9.634615503824672800e-01
9.697115431483993575e-01
9.750000034642014590e-01
9.796474336558935736e-01
9.783386786778767163e-01
9.747596107996427950e-01
9.727564075818426748e-01
9.782051270206768567e-01
9.858173024323251266e-01
9.809561997779412401e-01
9.825587655361900374e-01
9.832532105919640220e-01
9.703792711863150622e-01
9.768963688586511651e-01
9.888087583021221150e-01
9.800213604656039523e-01
9.781784179628404408e-01
9.784989346168998514e-01
9.808760582763924596e-01
9.820245684594171021e-01
9.694444414260039444e-01
9.715277765933265641e-01
9.770566104696346565e-01
9.685096212177194408e-01
9.673344083448760511e-01
9.727029878741654256e-01
9.867254406468479733e-01
9.764690159732458685e-01
9.890224291728091366e-01
9.640224358210196520e-01
