5.833600441423746341e-01
4.280448764498926972e-01
5.048076881525608295e-01
5.445245677907751825e-01
4.846153952595260717e-01
4.911324738278093349e-01
5.051816193402831612e-01
3.938301244161576675e-01
3.700053423452071555e-01
4.070245796798640514e-01
3.854433787652314924e-01
3.997596164480743397e-01
4.070779938155260624e-01
4.023771295881169996e-01
4.021901685712684915e-01
3.963408076928722212e-01
3.927884568324964687e-01
4.158119615963381532e-01
4.160523455048728003e-01
3.932692310175834316e-01
4.004273444859899889e-01
4.110042563615701194e-01
4.131410279526159801e-01
4.184294834924049966e-01
4.027243537080082980e-01
4.520299192358795404e-01
4.842681659656202231e-01
4.990651639035114662e-01
4.394230775726146732e-01
4.405181584959356189e-01
5.063301295233078037e-01
4.096153829660680312e-01
4.269497867705476235e-01
4.240384604622666198e-01
4.531517124010456810e-01
4.157318463628618121e-01
4.343215838456765399e-01
4.163995728087729886e-01
4.198450842537941319e-01
4.233440138144880516e-01
4.261485007074143905e-01
4.281784273110902928e-01
4.339209447941209108e-01
4.147435905268558876e-01
4.392628168575784531e-01
4.349893166596053851e-01
4.369391041497389105e-01
4.493589832041507970e-01
4.377670929026908908e-01
4.422809897452337768e-01
4.407585360364526528e-01
4.448183677517450474e-01
4.464476505278521801e-01
4.542467925283644181e-01
4.343215918056984037e-01
4.445245712995529175e-01
4.249198697188980578e-01
4.384882502003102922e-01
4.259615404865680355e-01
4.235576958292061045e-01
4.386217978774991089e-01
4.246260796347235411e-01
4.194711526680706126e-01
4.295138857749283279e-01
4.410790614465363024e-01
4.283653803679169370e-01
4.341346180528147802e-01
4.131944476602933958e-01
4.132211575141319093e-01
4.197382440424373140e-01
4.588942330680851889e-01
4.658386772578089197e-01
4.702190224431518906e-01
4.613514846970893091e-01
4.599091939819165420e-01
4.509348231885167979e-01
4.878472250878301830e-01
4.529914508900071413e-01
4.596153800176759341e-01
4.571314129628176737e-01
4.724626095694863803e-01
4.632745679053995036e-01
4.574519312088814460e-01
4.819978630154305721e-01
4.635683770936268600e-01
4.539262830383247738e-01
4.793803407213626522e-01
4.781249966949988051e-01
4.869925240930328414e-01
4.834401620886264461e-01
4.962072580989099202e-01
4.765224325287545359e-01
4.833333346133048547e-01
4.716346192245299829e-01
4.554487168470509051e-01
4.692307658111437574e-01
4.990651742515401224e-01
4.629006323396650524e-01
4.631410305762392876e-01
4.895833297672435025e-01
4.752938079082557610e-01
5.117788489621418746e-01
4.884081208744110447e-01
5.023237206997015480e-01
5.191506412612577614e-01
4.976228668203211414e-01
5.278579127202686072e-01
5.176282066565294215e-01
5.081196539103984833e-01
4.910790545181331068e-01
5.160256401022784711e-01
4.759081122584831736e-01
4.988247855669922237e-01
4.884348275442408349e-01
5.002670993662287069e-01
4.977831203713375952e-01
5.095619629336218814e-01
4.981837634029042117e-01
5.060096104812417117e-01
5.131677335016747721e-01
5.147970154817796962e-01
5.173344022443152612e-01
5.167200843620504136e-01
5.084401689724534767e-01
5.266025631218893555e-01
5.327991457321704649e-01
5.389957363024735493e-01
5.360309886945109348e-01
5.440972228653919718e-01
5.406250047505410938e-01
5.542200847377634076e-01
5.622329047729827112e-01
5.559294883193622860e-01
5.576655977747888571e-01
5.531784203381110432e-01
5.708066245747935863e-01
5.654647413673054013e-01
5.655715815786622747e-01
5.679487203621965685e-01
5.843482848543387620e-01
5.836805592044295166e-01
5.775373907298104736e-01
5.836538501465931006e-01
5.849893149784487489e-01
5.879807644802280686e-01
5.913194492459297180e-01
5.834401721118861461e-01
6.060363279703336881e-01
5.989049092317237921e-01
6.123130297941019595e-01
6.022435947934277056e-01
6.181891029143434801e-01
6.125000019549814434e-01
6.030715875263907844e-01
6.064903915055795958e-01
5.755608997538558258e-01
6.140758498993694747e-01
6.220085491290968660e-01
6.192307689060003728e-01
6.181089813128495258e-01
6.181089829048540540e-01
6.313835518100322508e-01
6.290598223861465499e-01
6.358173071510261343e-01
5.697115356914508322e-01
5.802617576132472754e-01
5.741185819746082997e-01
5.458333339128229600e-01
6.064636800597364985e-01
5.967147426090688711e-01
5.596688057686018958e-01
5.868856859449137486e-01
6.075053524194109489e-01
6.011752157639234095e-01
5.982371764177949469e-01
5.814102582442454148e-01
6.091613267413061861e-01
6.178151713286199609e-01
5.671207220572183072e-01
6.169337572959752158e-01
5.753739307769852873e-01
6.216880404350594302e-01
6.168269258406426925e-01
6.200320478051136730e-01
6.266025659811292892e-01
6.041399570038684663e-01
6.391826922185399606e-01
6.906250006813778874e-01
6.420405964311370894e-01
6.826121814421607370e-01
6.383012861459174125e-01
6.335737184326872828e-01
6.262820588790963816e-01
6.073717967822001018e-01
6.416933802712676549e-01
6.354700886031501295e-01
6.498664458974813263e-01
6.283119623987083457e-01
6.385416636864343909e-01
6.456196595333579813e-01
6.457264941726994500e-01
6.526175234307590722e-01
6.377403855833232438e-01
6.479967895608682582e-01
6.483173030309188345e-01
6.317841876775790455e-01
6.446581223072149758e-01
6.583600409137896348e-01
6.601228626110614561e-01
6.533386743603608604e-01
6.460470012747323576e-01
6.430288411231122048e-01
6.520299130143263344e-01
6.639957221654745334e-01
6.618055555428195014e-01
6.488782027975107392e-01
6.739049147591631428e-01
6.652510685798449508e-01
6.557692336475746675e-01
6.679754275032597777e-01
6.788728679729323368e-01
6.830662346293784326e-01
6.912660252334725808e-01
6.846420945137993153e-01
6.884882513783936453e-01
6.765758412388653831e-01
6.772970049045025087e-01
6.587873922071905142e-01
6.629807620476452223e-01
6.753739288602118584e-01
6.649839764094760408e-01
6.885683817359117276e-01
6.820245750057392087e-01
6.862980799797252507e-01
6.766559779644012451e-01
6.799946595460939491e-01
6.525908111889138219e-01
6.704594017221376934e-01
6.798344004230620907e-01
6.873130369135458384e-01
6.754273549359068873e-01
6.866185918577715208e-01
6.787660205975557526e-01
6.856570562236330435e-01
6.973290593705625540e-01
7.081196572408715584e-01
6.857104647872794834e-01
6.960203012085368623e-01
7.087072740253219649e-01
7.072916605278977142e-01
7.015224435390571278e-01
7.047275623195191629e-01
7.220085472123236592e-01
7.273237197699709000e-01
7.260950919654634017e-01
7.327724328407874133e-01
7.362713671774946400e-01
7.139690220992789271e-01
7.239850445562957537e-01
7.377938105382471079e-01
7.152510727954725089e-01
7.361645245781310853e-01
7.436698733104599723e-01
7.391025655162638541e-01
7.354433752405338254e-01
7.246527805542334333e-01
7.387820536382178060e-01
7.330395329711784091e-01
7.407585541661987349e-01
7.400106941787605308e-01
7.247596136015703738e-01
7.333066299175603486e-01
7.320512819111856251e-01
7.471153863474854218e-01
7.436698764944686957e-01
7.482371906566822606e-01
7.579326884996178126e-01
7.542200912522455392e-01
7.697115262858887919e-01
7.845619709955321541e-01
7.714476548453681470e-01
7.893429480684108768e-01
7.833066213971529024e-01
7.905181561652411260e-01
7.978899580163834049e-01
7.943910236796761781e-01
7.922809826385261989e-01
7.986111073539805538e-01
8.007478733730112319e-01
8.061164497182919941e-01
8.034989238422141078e-01
8.031517076823445622e-01
8.137820527976393770e-01
8.090544938404335973e-01
8.042200827318378709e-01
8.095619707153393074e-01
8.190170918137599232e-01
8.262019238920292885e-01
8.228899513681730005e-01
8.232638877299096603e-01
8.346955141323243454e-01
8.274038458227090942e-01
8.443910215272862896e-01
8.365384582270922742e-01
8.579326921548597884e-01
8.517628122343976482e-01
8.545406004175161163e-01
8.559027782872191681e-01
8.660256337915729352e-01
8.787393172581989820e-01
8.754807692180331946e-01
8.802083345432567540e-01
8.773504239626419565e-01
8.843750001018881868e-01
8.949786345673420573e-01
8.926816221613149693e-01
8.986378296190857817e-01
8.958600382519582572e-01
9.022168783932669189e-01
9.051816188372098226e-01
9.112179486924765204e-01
9.180021417191903677e-01
9.188301225121204840e-01
9.250801280140875660e-01
9.157318383709996956e-01
9.227029916185599534e-01
9.266826969563450866e-01
9.170673008148486627e-01
9.227564065502239510e-01
9.288194534233492616e-01
9.302350382646942251e-01
9.231303445039649169e-01
9.230769295723009193e-01
9.270566205820467420e-01
9.244123983841676662e-01
9.415865486376305826e-01
9.316239283762425272e-01
9.308493545549546555e-01
9.155715840239809777e-01
9.391826904482311056e-01
9.309829078041590433e-01
9.329861173899762772e-01
9.349625972219002268e-01
9.480235000324044314e-01
9.386217970496568697e-01
9.407852546144754857e-01
9.356570470536875739e-01
9.343482841156486307e-01
9.507211578580048172e-01
9.415865359015953562e-01
9.376335571336948949e-01
9.358173141367414072e-01
9.369391073019075478e-01
9.371794824544180669e-01
9.387286332810026446e-01
9.393963724629490475e-01
9.392895298635857149e-01
9.338408056487385034e-01
9.452190203034979143e-01
9.375534188161547267e-01
9.384348256847796499e-01
9.398771370960097293e-01
9.328525625487678052e-01
9.330128264478129152e-01
9.323183798000344025e-01
9.430021398469931038e-01
9.513354661882432728e-01
9.441239330121593554e-01
9.458600520196123185e-01
9.544604768992488442e-01
9.487980818137143890e-01
9.526175216604502172e-01
9.438835546756401129e-01
9.361111042209160349e-01
9.395032102862992396e-01
9.402243516638746357e-01
9.446046992372242324e-01
9.464743651258640256e-01
9.541933799528667937e-01
9.595352536083285866e-01
9.397702944966461747e-01
9.498664536791987523e-01
9.572115337364692778e-01
9.595886780920190873e-01
9.554487199992196533e-01
9.552617534103555741e-01
9.502403852649224936e-01
9.400908127427100025e-01
9.518963675468394836e-01
9.512553437907471654e-01
9.608974314780316384e-01
9.632478588157229460e-01
9.612179481320910490e-01
9.504273486697775164e-01
9.528579031809782940e-01
9.571848326386549477e-01
9.564102683693933571e-01
9.531784118750155077e-01
9.579059772002389561e-01
9.703525525764522541e-01
9.642361130597243424e-01
9.648237202921483568e-01
9.680288390726106140e-01
9.662393130935155172e-01
9.671741412618221068e-01
9.679754145889198913e-01
9.742788382065601382e-01
9.748664470309884589e-01
9.769230858765095560e-01
9.775641064485932619e-01
9.828525731324130321e-01
9.926281997408622493e-01
9.887286390886346199e-01
9.789796944739471707e-01
9.912393159973315049e-01
9.898504290697920371e-01
9.805021346506908042e-01
9.761485009111908751e-01
9.837873981167107873e-01
9.923611123465064798e-01
9.890758520644953311e-01
9.873130271832147864e-01
9.892628218373680227e-01
9.903312016628746939e-01
9.891025563463186066e-01
9.869391035575132420e-01
9.909455163611307071e-01
9.872596106595462606e-01
9.852029941020867820e-01
9.798878199524351240e-01
9.924679549458699235e-01
9.867254390548435561e-01
9.730235061202293645e-01
9.815705097001842239e-01
9.899839679909567813e-01
9.880341892568473838e-01
9.899305562433013961e-01
9.844551325226440497e-01
9.819711567117617168e-01
9.858707269160156272e-01
9.918002109879101580e-01
9.872329031937141508e-01
9.891025627143362753e-01
9.951388877935899435e-01
9.795405990165523269e-01
9.768162432771461123e-01
9.907585465882577935e-01
9.816773491155387221e-01
9.841346095005670813e-01
9.793536451637234741e-01
9.881944467878749361e-01
9.877403800686199720e-01
9.745726426187741875e-01
9.798878119924130381e-01
9.791399567809878635e-01
9.775640937125580354e-01
9.836538480515154559e-01
9.824786319946630098e-01
9.848557683901908444e-01
9.780982891973266646e-01
9.817307688232159713e-01
9.837606874668699541e-01
9.831730770504371053e-01
9.793269170018341629e-01
9.836805555173473437e-01
9.680021443428136196e-01
9.802350329282956132e-01
9.743322658742594733e-01
9.759348220804817675e-01
9.703258530706420082e-01
9.827724284468553062e-01
9.757745820615024712e-01
9.727831166396792018e-01
9.709134587110617165e-01
9.665331286497604868e-01
9.720085491864088878e-01
9.712606780549398744e-01
9.805288564445626687e-01
9.764690175652503967e-01
9.823985000451405103e-01
9.835737145099883172e-01
9.868055534923177996e-01
9.872596058835330091e-01
9.860309892230563200e-01
9.881944308678307642e-01
9.834401708128106545e-01
9.896367534230916529e-01
9.733440211822843580e-01
9.754273547576023384e-01
9.790064051237880038e-01
9.834935921124920988e-01
9.762820477923777052e-01
9.806089772500543589e-01
9.852564106257550858e-01
9.897168790045967057e-01
9.804220170292079484e-01
9.821314062827671831e-01
9.783386882299032195e-01
9.726228654766693182e-01
9.734508590056344390e-01
