6.160256365935007361e-01
5.724359025748875229e-01
5.215544835306130667e-01
5.212873857882287520e-01
5.815438170654650962e-01
5.871527836872981743e-01
5.177083258700166946e-01
5.946047063439320324e-01
5.523237097912874205e-01
5.551014963824014714e-01
5.117788561261616964e-01
5.709134544381219145e-01
5.727564080849162353e-01
5.742521336318081593e-01
5.269764851555864826e-01
5.301549139822649970e-01
5.350427328585050102e-01
5.470352606195160172e-01
5.278846185940961888e-01
4.888888783434517937e-01
5.391559747294483174e-01
5.115651733154413794e-01
4.677884655439445982e-01
5.087606816465019000e-01
5.353098274168804904e-01
5.463942344754170177e-01
5.448183737949937600e-01
5.434561967212929723e-01
5.523771326829735040e-01
5.863782050899970510e-01
5.965277784082114731e-01
5.797542703903129091e-01
6.111378216972718214e-01
5.962339739959973128e-01
6.191773563623428345e-01
6.163995713632330897e-01
6.259615390410280256e-01
6.300480837941679901e-01
6.329059776587362407e-01
6.464743605281553229e-01
6.461004345144472083e-01
6.321046963716163702e-01
6.612980762799071099e-01
6.657318379889185511e-01
6.326121796145398601e-01
6.729967948526907051e-01
6.867788462047902387e-01
6.894497901965410680e-01
6.600961567372337635e-01
6.804220140235036629e-01
7.079326906520077012e-01
7.138621715398933976e-01
7.123130350413485745e-01
7.014957233371896805e-01
7.153846085326284188e-01
7.259081174165773476e-01
6.999465697245974560e-01
7.415064141536370501e-01
7.508547037967250315e-01
7.459935899983105578e-01
7.373664512848242536e-01
7.520299134855595868e-01
7.533119641817533907e-01
7.607905958962236648e-01
7.384615338001495610e-01
7.599893130170993771e-01
7.465010748332382429e-01
7.332799128997019578e-01
7.741987148665973040e-01
7.333867475390434265e-01
7.792200830120306065e-01
7.646634618186541887e-01
7.709935976781395750e-01
7.889690117066741060e-01
7.760950770770381757e-01
7.980769246052472621e-01
8.020833358168601990e-01
8.075854765553758252e-01
8.077457245343769854e-01
8.146901750921183849e-01
8.099091900592175763e-01
8.149038443708012114e-01
8.118589703853313910e-01
7.852831251091426656e-01
8.198450869347295722e-01
8.120192279163588323e-01
8.388354642651020265e-01
8.143963690878998074e-01
8.437500009552026947e-01
8.404647438572003804e-01
8.383547012240458729e-01
8.479967984633567379e-01
8.540598246404248473e-01
8.477831148566343789e-01
8.555555605353453164e-01
8.631944513728474488e-01
8.666666655076874504e-01
8.685363154762830717e-01
8.690170880693653954e-01
8.672809802059434636e-01
8.753739250266652228e-01
8.757745752222516611e-01
8.808226540175257968e-01
8.815170911132779175e-01
8.856303449242542980e-01
8.763621760866580068e-01
8.958333323781306756e-01
8.911858974104254205e-01
9.037660244438383561e-01
8.989316149272470469e-01
9.091079124273399037e-01
9.072382401706824417e-01
9.108440155147485839e-01
9.112446593423175756e-01
9.111645353528168290e-01
9.173878158769035451e-01
9.262820499447673717e-01
9.292200908829004735e-01
9.311698648409965084e-01
9.257211613222064983e-01
9.368589753523851593e-01
9.478365334435405742e-01
9.414529922044174715e-01
9.563568375176852987e-01
9.444444464822100427e-01
9.428418823159656625e-01
9.670673002544630803e-01
9.672809790851724099e-01
9.612713678397682981e-01
9.578525670445880991e-01
9.540064149560070206e-01
9.692307705553169228e-01
9.740918763937094216e-01
9.688301283197524594e-01
9.727831245997011766e-01
9.743589717480869439e-01
9.754807680972621409e-01
9.784455101332093507e-01
9.711805540654394608e-01
9.844551277466307981e-01
9.663995690325386523e-01
9.800747865412987592e-01
9.685897404312068248e-01
9.683760663765108578e-01
9.815438181543960638e-01
9.819978625855894094e-01
9.667467931524300617e-01
9.706730708225159709e-01
9.801816291406622028e-01
9.684027786183559972e-01
9.706997894323787790e-01
9.553952971075334588e-01
9.669604608391083600e-01
9.657585484604549464e-01
9.600961501909116569e-01
9.648504341259980244e-01
9.711538450076028228e-01
9.815437958663344453e-01
9.695512744733409960e-01
9.727029942421832054e-01
9.768162353171241374e-01
9.745459335609378826e-01
9.700854715501140424e-01
9.720619593420598559e-01
9.731036317017343062e-01
9.744391148416404747e-01
9.743055584084273635e-01
9.670405943806354987e-01
9.713141009466259579e-01
9.824786288106542864e-01
9.671741428538265239e-01
9.826923028653502534e-01
9.812499962301335366e-01
9.773237265200694912e-01
9.729700848205475872e-01
9.902777708111665245e-01
9.794871872688970527e-01
9.793002159040197219e-01
9.717948687636952521e-01
9.670405959726399159e-01
9.620993581847248066e-01
9.727564187258737061e-01
9.813835510713422305e-01
9.736378112664589857e-01
9.771901637188389333e-01
9.883012798352119876e-01
9.861378143103712857e-01
9.872329000097054275e-01
9.744925218132824973e-01
9.744390973295919967e-01
9.843749989811172441e-01
9.868055550843222168e-01
9.765491351867332526e-01
9.792200855465014175e-01
9.799679439419354265e-01
9.714209403619807892e-01
9.752136695588755622e-01
9.769497853823196909e-01
9.719284156448819711e-01
9.665865419894202892e-01
9.717414554240355606e-01
9.786057676642369030e-01
9.835737208780059859e-01
9.813301234036428955e-01
9.765491447387596446e-01
9.739850449383767872e-01
9.776709315359082275e-01
9.679754225489420882e-01
9.725160292453235433e-01
9.745192324631234415e-01
9.787393272814587375e-01
9.844017032629404085e-01
9.817040502133531632e-01
9.775641032645844275e-01
9.795673080743886318e-01
9.831196573427598562e-01
9.896901731307689021e-01
9.848824790400316775e-01
9.836538400914932589e-01
9.763888935757498722e-01
9.868055503083090763e-01
9.868322641421586328e-01
9.817040629493885007e-01
9.836004315278468191e-01
9.825587512081503938e-01
9.902243638395242797e-01
9.820512791092577132e-01
9.834134537949520416e-01
9.836805555173473437e-01
9.872329079697275134e-01
9.772702972603659610e-01
9.748130289153156269e-01
9.761218045893896855e-01
9.789796976579558940e-01
9.802617372101189996e-01
9.830929466929191340e-01
9.782318424465310525e-01
9.816506336896846374e-01
9.886217948972668701e-01
9.865651703797853056e-01
9.807158039293736307e-01
9.650373832028136256e-01
9.696314143828856924e-01
9.673878232765400487e-01
9.815705033321664441e-01
9.907318359384169604e-01
9.870993658645540458e-01
9.795406006085566331e-01
9.792200903225148911e-01
9.832799164657917146e-01
9.773504260258796261e-01
9.818108944047209130e-01
9.822649515719494850e-01
9.731837572832391370e-01
9.833600372712836268e-01
9.763087664022402912e-01
9.810096115255966254e-01
9.785256452667405735e-01
9.685363207235295757e-01
9.671207247381534700e-01
9.710203013104251601e-01
9.795138867747068545e-01
9.789796944739472817e-01
9.853365393912690839e-01
9.852297127119495901e-01
9.787660267872687614e-01
9.813301202196340611e-01
9.788728709786366222e-01
9.895299171917458780e-01
9.848023470905091781e-01
9.912660234631635037e-01
9.883279920770572380e-01
9.786858852857198698e-01
9.818910279462479407e-01
9.816773602595696424e-01
9.772702940763571267e-01
9.809027784782595738e-01
9.773237169680432102e-01
9.770833354475152444e-01
9.844017064469492428e-01
9.629807777893847343e-01
9.701656066836454873e-01
9.749732880383474853e-01
9.810897371071016781e-01
9.720886859119448609e-01
9.791666737988462543e-01
9.826923092333678111e-01
9.698718054554401613e-01
9.726495697584925937e-01
9.627937936884723991e-01
9.831463600325787144e-01
9.794070537273700250e-01
9.749465837565240989e-01
9.797008565475798791e-01
9.796207245980572687e-01
9.774839681310530937e-01
9.787393240974497921e-01
9.767093990857783625e-01
9.795406053845698846e-01
9.823450819294676783e-01
9.816506432417110295e-01
9.833066350756547447e-01
9.818108912207123007e-01
9.801281951049453101e-01
9.749465917165461848e-01
9.813568404215011753e-01
9.830128195194098861e-01
9.772168871047149930e-01
9.828258624825723100e-01
9.857906013345105745e-01
9.834401660367972919e-01
9.850160243292138684e-01
9.799412571721607401e-01
9.850160227372095623e-01
9.830395269852416629e-01
9.880074770150021335e-01
9.884348362684249878e-01
9.884348346764205706e-01
9.853632468571009717e-01
9.786324719460600674e-01
9.872596058835330091e-01
9.562500028783438299e-01
9.795673017063710741e-01
9.785256468587452128e-01
9.808226465287370743e-01
9.669604703911348631e-01
9.732638908247661647e-01
9.839743535615439463e-01
9.826923140093811737e-01
9.805021266906689403e-01
9.902510760813696411e-01
9.711805540654393498e-01
9.778846199186438382e-01
9.868055566763266340e-01
9.745993580446283833e-01
9.796741443057345178e-01
9.821848275824488494e-01
9.779113273844758369e-01
9.747329017418062680e-01
9.780982955653442223e-01
9.830128131513921064e-01
9.860309733030123702e-01
9.718215825975450306e-01
9.667200840945935347e-01
9.927083364663980003e-01
9.803685893615086133e-01
9.816506305056758031e-01
9.878205088341336371e-01
9.894764943000597945e-01
9.850961435427013635e-01
9.749999970961839013e-01
9.806356863078907748e-01
9.809562045539546027e-01
9.777777789112849227e-01
9.807158055213781589e-01
9.886752209729617880e-01
9.851228605605598654e-01
9.780982812373048008e-01
9.902510808573827816e-01
9.860309908150608482e-01
9.837606938348875119e-01
9.709401725449113840e-01
9.825587559841635343e-01
9.831730722744240758e-01
9.818643125203939670e-01
9.862446632777522870e-01
9.800480822594757058e-01
9.729433789467200056e-01
9.819978625855891874e-01
9.720886779519226639e-01
9.791399663330143666e-01
9.632478572237184178e-01
9.795138772226804624e-01
9.747596139836514073e-01
9.788194464949460105e-01
9.813835462953289790e-01
9.796741427137301006e-01
9.822115239042501500e-01
9.667467963364387851e-01
9.826923140093810627e-01
9.791933717126519721e-01
9.700587609002733203e-01
9.814903888946924226e-01
9.882211510696979895e-01
9.676549122629002353e-01
9.877136710107834450e-01
9.817574731050393577e-01
9.803685877695043072e-01
9.573717912674968300e-01
9.881410302642064103e-01
9.681356816719739466e-01
9.743055552244184181e-01
9.795138867747069655e-01
9.829861184215952230e-01
9.798076959629342664e-01
9.725160244693102918e-01
9.748664597670235743e-01
9.735576920529714906e-01
9.734775728394841066e-01
9.830128163354009407e-01
9.726495745345058452e-01
9.779914465979633320e-01
9.597756351288566634e-01
9.720886683998962718e-01
9.808493683226087168e-01
9.744925106692516881e-01
9.677083447066127109e-01
9.747329033338105742e-01
9.726228686606781526e-01
9.609508480017000531e-01
9.661057662123289091e-01
9.832799228338093833e-01
9.768963752266688338e-01
9.631143151185449502e-01
9.748664470309886809e-01
9.759615343223271289e-01
9.795138819986937140e-01
9.812500041901557335e-01
9.792734941101480795e-01
9.634615360544276363e-01
9.575320551665418289e-01
9.747329081098239367e-01
9.733173137164523592e-01
9.683493493586522449e-01
9.620726507188925858e-01
9.740384614620453130e-01
9.759081177986583810e-01
9.672542795793622750e-01
9.789529933761327296e-01
9.617254250069968702e-01
9.576923111055650750e-01
9.588675160183863788e-01
9.572916720540096680e-01
9.743589733400915831e-01
9.622061912320617472e-01
9.722222184650918253e-01
9.748130289153156269e-01
9.593483013475042620e-01
9.744123930477688322e-01
9.585737227502032498e-01
9.742254328269223107e-01
9.636485010512871874e-01
9.677083319705774844e-01
9.701655907636015375e-01
9.686698644207073494e-01
9.680288454406282828e-01
9.759615359143314350e-01
9.822115398242942108e-01
9.780715849155035002e-01
9.816239325918703074e-01
9.740384550940277553e-01
9.771901589428257928e-01
9.885683831496115959e-01
9.873931559487285625e-01
9.870726568067176299e-01
9.861111084365437041e-01
9.740918827617268683e-01
9.803685861774997790e-01
9.754006329637308070e-01
9.666666707549338433e-01
9.794070521353656078e-01
9.791399615570010040e-01
9.784188122194037440e-01
9.801281935129410039e-01
9.757745677334630496e-01
9.811164366129117020e-01
9.841613233344167488e-01
9.854967985143008313e-01
9.754540638154387544e-01
9.744925281812999440e-01
9.812767052879700636e-01
9.809027880302860769e-01
9.802350408883175881e-01
9.745192292791144961e-01
9.832264951661100483e-01
9.887019316228026211e-01
9.817040677254016412e-01
9.801282030649673960e-01
9.913194415788364466e-01
9.858707285080199334e-01
9.845352469601182932e-01
9.802350456643307286e-01
9.909722174589450372e-01
9.790865322972973628e-01
9.915865385252184971e-01
9.869123992756900776e-01
9.773771318997073188e-01
9.843749989811170220e-01
9.869658062473321003e-01
9.767895278512921386e-01
9.880341972168692477e-01
9.836538384994888418e-01
9.830128195194096641e-01
9.858440242261968800e-01
9.912393175893359221e-01
9.630341815770180336e-01
9.882211494776937943e-01
9.760950780195047916e-01
9.776976437777533668e-01
9.851228589685553372e-01
