3.768162396537442227e-01
3.736912476487903589e-01
3.757211539544101919e-01
3.548076894357163891e-01
4.041132454115610173e-01
3.660790646751212463e-01
3.802617566707806041e-01
3.882745775020021162e-01
3.836538460201177614e-01
3.934027818787811381e-01
3.876068419020654576e-01
3.901442246845899797e-01
4.110576939792969231e-01
4.226762734385383080e-01
4.060630372797067178e-01
4.160790581447191827e-01
4.356570446975210342e-01
4.366720087953612772e-01
4.564102536751928341e-01
4.564369655190370634e-01
4.350160253194407245e-01
4.664529895680582516e-01
4.371260775046216795e-01
4.532318407685583805e-01
4.512286347647507800e-01
4.378472272402200716e-01
4.131677338264437283e-01
4.284455099294328106e-01
4.368055532885412040e-01
4.516559876501560211e-01
4.270299171280657058e-01
4.435630332774076479e-01
4.066506377461120425e-01
5.235309832625919535e-01
4.763888912195832770e-01
5.705929457440844788e-01
4.297809882933257275e-01
4.818376026983953730e-01
4.110576951733002082e-01
4.655982901652653827e-01
4.601495691344268946e-01
4.655982869812566594e-01
4.671474322358257214e-01
4.594284126328097018e-01
4.511217873893741959e-01
4.766826972238018545e-01
4.684829050277033446e-01
4.923611068063311613e-01
4.815170940043579373e-01
4.969551236583635290e-01
4.891025619501741528e-01
4.958867486088704424e-01
5.094284160524352734e-01
4.899038464213028021e-01
4.668803448414700075e-01
5.120993688002101196e-01
4.928151775055970574e-01
4.951923186771380880e-01
4.961004186835553664e-01
5.152777753388270154e-01
4.666666620307498015e-01
5.318643215438748628e-01
4.691506402296388711e-01
5.258012818347694850e-01
5.155181743714034592e-01
5.140224448445006589e-01
5.229700874760110363e-01
5.228365350228090236e-01
5.159989358204553067e-01
5.280715827949535868e-01
5.271100415887995938e-01
5.673878190036003577e-01
5.665598230866285556e-01
5.308226563482202343e-01
5.311965799739217786e-01
5.204594026072921764e-01
5.237980770249652807e-01
5.379273524969561127e-01
5.018162342727693348e-01
5.017094036134389645e-01
5.006143147300960994e-01
4.994390915092239425e-01
5.145299177393953816e-01
5.185363249709973310e-01
5.167734961097056878e-01
5.294871787803294705e-01
5.314369622904520085e-01
5.211271330332144514e-01
5.356036358091056382e-01
5.260950846549792281e-01
5.407852622815685351e-01
5.580395333405234748e-01
5.365384647734144918e-01
5.542734988734253632e-01
5.657318407016941331e-01
5.492788429698374220e-01
5.354433758900715157e-01
5.716880386074384424e-01
5.271100431808039000e-01
5.646367597783732428e-01
5.634348203356449591e-01
5.806891057226393205e-01
5.804220008162351840e-01
5.966346090675418434e-01
5.837606792139191647e-01
5.814903838257504676e-01
5.746260636255271503e-01
5.591613249136851982e-01
5.955395329202342047e-01
6.182158064001646025e-01
6.203525596831598321e-01
6.246260678411547085e-01
6.291132532378547193e-01
6.198450844002585391e-01
6.266826828066099919e-01
6.073183722985097122e-01
6.233173176391511028e-01
6.482371774494138927e-01
6.446046994155287813e-01
6.530448651721334485e-01
6.314636726155239410e-01
6.544604738935446697e-01
6.473023508731116094e-01
6.742254298212182473e-01
6.603632520916115078e-01
6.685363304538605167e-01
6.843750007514260991e-01
6.885416663100576429e-01
6.692574750154445251e-01
6.912126055257952206e-01
6.751068398738517828e-01
6.880608984929883487e-01
6.854700816747469894e-01
6.954059785502588742e-01
6.786057710265501752e-01
6.874999987263964440e-01
6.847489307451452012e-01
7.107104676910953600e-01
6.984775600015608044e-01
7.070512805993740546e-01
7.284455193031547093e-01
7.168803428355445817e-01
7.331463676105197669e-01
7.399572633270523614e-01
7.396634636908514526e-01
7.448450909593166136e-01
7.477029951719137424e-01
7.480769267576372616e-01
7.544070594331138135e-01
7.478632527029411836e-01
7.559294948338444176e-01
7.735309804606640416e-01
7.739850376278925026e-01
7.739583365300781725e-01
7.761752153945784549e-01
7.860309819125721464e-01
7.870726479042289281e-01
7.938568425229470815e-01
7.935897503525781715e-01
8.009081165759991405e-01
8.081196513440873641e-01
8.070512794786027788e-01
8.155982894265753069e-01
8.180555514036080833e-01
8.194711505729928014e-01
8.259882482453289043e-01
8.287393162265801472e-01
8.231837557803871608e-01
8.182158105266399417e-01
8.179220092984345047e-01
8.176015021964015972e-01
8.121527763895499685e-01
8.155982814665532210e-01
8.236111102577966525e-01
8.198718039525878520e-01
8.299679472150965909e-01
8.327190215643653914e-01
8.389690047782709659e-01
8.557158180663728686e-01
8.509081128316047238e-01
8.380876074616725457e-01
8.438301281287119426e-01
8.431089724230969029e-01
8.338140961196687240e-01
8.430288484335963783e-01
8.524305577843616089e-01
8.672008514404296875e-01
8.685630420461678547e-01
8.471153772666922821e-01
8.592414582769075659e-01
8.692841834237431398e-01
8.869391046782844068e-01
8.649038485864287695e-01
8.667200883993735339e-01
8.566506446426749299e-01
8.536057642891875519e-01
8.557959468318865337e-01
8.587072612001345195e-01
8.651175162731072898e-01
8.905448672863154336e-01
8.856303449242541870e-01
8.889690249139425848e-01
8.838141082953183680e-01
8.816773438682921071e-01
8.884081155953243991e-01
8.905181709645140220e-01
8.839209397506510024e-01
8.886752205017285355e-01
8.777243651003918679e-01
8.906784205355195994e-01
8.920405999972269573e-01
8.968215834381234597e-01
8.935363311161341748e-01
9.067841766354364230e-01
9.065972132305814002e-01
8.903311948236236617e-01
9.057692308456468666e-01
9.104166705893654843e-01
9.111378262949803020e-01
9.077991447132875980e-01
9.108707261645895281e-01
9.079059698006025636e-01
9.091079124273396816e-01
9.143696605012967549e-01
9.084134641875567517e-01
9.067841830034540918e-01
8.987713717242591382e-01
9.073183768962183038e-01
9.164529861165925384e-01
9.071047108015444227e-01
9.038995697330206580e-01
9.090544895356535982e-01
9.219551220790952462e-01
9.174946648442846575e-01
9.166933724131339778e-01
9.076923068899372948e-01
9.298878141448028156e-01
9.153579099692847887e-01
9.289262896546950365e-01
9.329594019641224145e-01
9.170673103668750548e-01
9.294871798692605491e-01
9.407852562064795698e-01
9.369123886920447397e-01
9.295138873350925479e-01
9.400640989088604460e-01
9.334935942648823204e-01
9.502136793910946899e-01
9.386217986416611758e-01
9.438568344737729987e-01
9.254540595998110852e-01
9.314369665633919215e-01
9.290063993161559175e-01
9.296741400901069596e-01
9.359241392240564839e-01
9.326121778442308941e-01
9.308760715728130464e-01
9.319978551859529059e-01
9.156249957716362520e-01
9.094818344610369198e-01
9.151442295465713750e-01
9.301014993435297029e-01
9.075587616007551039e-01
9.373931676531448431e-01
9.366453028896934985e-01
9.296741384981024314e-01
9.261752168974304311e-01
9.443376118428685739e-01
9.387019289991793691e-01
9.298878157368071218e-01
9.355502155983550505e-01
9.309027710786231813e-01
9.371794904144401528e-01
9.382211484460748485e-01
9.358173029927105979e-01
9.280982913497166642e-01
9.220619726384806647e-01
9.288194438713227585e-01
9.362179500042882019e-01
9.385683789339839267e-01
9.279647381005122764e-01
9.361111105889334816e-01
9.319978583699617403e-01
9.376869609213281942e-01
9.241453014377852826e-01
9.290331338460626753e-01
9.295673022667567675e-01
9.310897392594914557e-01
9.412126027238674197e-01
9.319444450303019378e-01
9.310096216380085998e-01
9.304754181932179957e-01
9.362446511021026430e-01
9.336004161681883406e-01
9.198450889979670198e-01
9.274839702834429822e-01
9.350427355394403950e-01
9.227297054524095099e-01
9.131410199607539191e-01
9.312500047505412049e-01
9.349625988139045329e-01
9.236378166028575976e-01
9.432959394831941236e-01
9.288995774128497862e-01
9.325587645045713137e-01
9.389957254513715545e-01
9.335737150703738996e-01
9.352831106919506921e-01
9.410790606186938412e-01
9.366453028896932764e-01
9.397702976806551201e-01
9.310096073099690672e-01
9.377136715711691384e-01
9.513888922639381907e-01
9.469017148272603768e-01
9.466078976790108790e-01
9.549946612399866641e-01
9.522702959485542795e-01
9.474893188756754459e-01
9.438034259101264478e-01
9.419871765451552914e-01
9.491720038474114052e-01
9.471420995317972880e-01
9.326121762522263658e-01
9.452190203034978033e-01
9.444444448902056255e-01
9.507478653238370381e-01
9.486912328463332766e-01
9.404380400466103573e-01
9.482905985707910101e-01
9.553953018835465993e-01
9.536057631684164981e-01
9.334134639073640161e-01
9.377938035206915268e-01
9.408920860698080091e-01
9.468749962173975687e-01
9.333333287738326822e-01
9.371260691147583755e-01
9.410256409110165920e-01
9.453792762425210494e-01
9.488247876875421927e-01
9.401442260823696939e-01
9.389423168877251147e-01
9.417200907428041612e-01
9.412927314893810848e-01
9.411591750561681957e-01
9.478098212016952129e-01
9.371794935984489872e-01
9.477831216958851890e-01
9.403044836133972462e-01
9.364316336110106720e-01
9.427083258827526624e-01
9.439369632392866638e-01
9.543002098161950109e-01
9.451923096536569702e-01
9.434562017902349274e-01
9.452724368271663291e-01
9.462874001290042525e-01
9.473824858283383943e-01
9.393696538530862394e-01
9.516559860263115178e-01
9.522703039085763654e-01
9.427617519584474692e-01
9.412126043158719479e-01
9.428418775399525220e-01
9.442841841751692389e-01
9.443109011930276298e-01
9.417467870646052397e-01
9.399572674535278116e-01
9.391292787005758314e-01
9.411591830161900596e-01
9.403579033210744953e-01
9.374198751189768419e-01
9.416399540172681881e-01
9.424679491382379481e-01
9.322916691501934583e-01
9.467681695380780749e-01
9.406784120151120421e-01
9.428151637061028545e-01
9.415331161939179960e-01
9.292467935727191097e-01
9.321047057453383244e-01
9.380876111169146325e-01
9.408653897480068196e-01
9.416933721329412421e-01
9.441506500300178573e-01
9.368589864964157465e-01
9.415331193779268304e-01
9.375801262819868365e-01
9.438568424337948626e-01
9.526709413681273553e-01
9.361111137729425380e-01
9.392628303577756910e-01
9.469818372247564842e-01
9.440438058386499964e-01
9.397702881286287280e-01
9.461805591216453371e-01
9.434294943244028175e-01
9.390758494408720791e-01
9.449519217651114467e-01
9.445512763455382599e-01
9.334935894888689578e-01
9.363247957876605909e-01
9.392361021958863798e-01
9.240117481885812278e-01
9.320779823594622648e-01
9.318910269146291059e-01
9.315171001049187272e-01
9.387019289991794802e-01
9.378205014344972446e-01
9.317574864014601665e-01
9.344284128811624068e-01
9.405181688121240224e-01
9.410256425030210092e-01
9.320512796696434066e-01
9.439369600552778294e-01
9.430555579626660467e-01
9.349893142397587287e-01
9.412927314893813069e-01
9.449519313171378387e-01
9.348557705425808440e-01
9.466079120070506336e-01
9.323450904498752356e-01
9.413461543810672794e-01
9.346420853438539567e-01
9.340544860714519171e-01
9.414797028542583046e-01
9.428953067996562742e-01
9.424412384883968929e-01
9.395032007342729585e-01
9.334134654993684332e-01
9.383012740275797903e-01
9.443910379185633808e-01
9.476228705328754165e-01
9.381944441642516841e-01
9.449252031552484166e-01
9.362713617519434761e-01
9.373130325196135093e-01
9.386485140675153716e-01
9.267361087040004719e-01
9.420940191445188461e-01
9.471688022216160352e-01
9.418002147323045747e-01
9.248664523673871818e-01
9.335470091965462069e-01
9.329059870324581949e-01
9.368856732661905440e-01
9.336004320882322904e-01
9.220619662704629960e-01
9.384348431968282389e-01
9.350694430052722828e-01
9.264690165336314509e-01
9.185630351177647146e-01
9.271367509395647133e-01
9.324252160313800664e-01
9.281517078733851900e-01
9.214476547562158171e-01
9.367521232009952126e-01
9.349091950262713446e-01
9.351228722649760350e-01
9.188301241041247902e-01
9.184294898285824127e-01
9.227029868425467019e-01
9.335737134783694824e-01
9.171741434142119953e-01
9.325053432048895363e-01
9.177083325309630668e-01
9.182425136876920524e-01
9.165865409578013434e-01
9.315972288704325033e-01
9.192040588738572549e-01
9.197115293807452963e-01
9.201388965941901255e-01
9.119658134559280871e-01
9.221420854839503800e-01
9.196046947414039385e-01
9.147435873110069116e-01
9.168803453700153927e-01
9.145032057904789458e-01
9.249999944725607604e-01
9.206196660032638368e-01
9.199786279191317639e-01
9.221153812021271046e-01
9.235309755954985711e-01
9.211538360159621242e-01
9.325587597285579511e-01
9.233172983567938807e-01
9.371527718045772337e-01
9.363514968854749210e-01
9.370993552809087079e-01
9.323985053815391222e-01
9.436965769427454465e-01
9.410523547448662596e-01
9.366987257813794709e-01
9.305021336190720804e-01
9.363514905174572522e-01
9.452190107514715223e-01
9.283653898881031319e-01
9.276976475221478946e-01
9.285256394591088203e-01
