5.481570450286579188e-01
6.074519259457149545e-01
4.009081142930648323e-01
5.818376055576353068e-01
4.997596185113120093e-01
4.753739330917596817e-01
5.484775672547328451e-01
4.743055544602565177e-01
5.106837648548122610e-01
3.892361123401386069e-01
4.798344026646043092e-01
4.214209389642008530e-01
4.172275599697206627e-01
4.659188008493083122e-01
4.493856858939696552e-01
5.213675249017711844e-01
5.105502159836200482e-01
4.168803477898621601e-01
4.639957331630409354e-01
4.291399649352344303e-01
4.554487224190663097e-01
5.136485017167451428e-01
4.639422999233262512e-01
4.528044866891498543e-01
5.088141049361890600e-01
5.039262773039250298e-01
4.626869678369953665e-01
4.641559827340464017e-01
4.333867588613787292e-01
4.010683726200945376e-01
3.956730872169773039e-01
3.902243610121246542e-01
4.009615403687597501e-01
4.319711517319719807e-01
4.369658179835885781e-01
5.121527785578599001e-01
4.747061982878253428e-01
3.911859006262742855e-01
4.493055603124646580e-01
4.236912395263839337e-01
4.718750007450580597e-01
4.381677375262618690e-01
4.434027845024043901e-01
4.074786213250496947e-01
4.423076916390503710e-01
5.033386768375197606e-01
4.616185864194845556e-01
4.002136680432873961e-01
4.576121871479046366e-01
4.724359013076521174e-01
5.059027782299070353e-01
5.203258565221077214e-01
5.571046980081968414e-01
4.337606832830824821e-01
5.381944478513338570e-01
4.469551242187491114e-01
4.076388888061047155e-01
4.470085502944441402e-01
4.453525727885401242e-01
4.378205126103681954e-01
4.513354765681120706e-01
4.662126064555258131e-01
4.881944372676885746e-01
4.889423123791686865e-01
4.891292733960171391e-01
4.604700881764928755e-01
4.885416725316108488e-01
4.883012822550586440e-01
4.758279994130134583e-01
4.955128154311423949e-01
5.204861132571330096e-01
4.880341789406589248e-01
5.120993640241968681e-01
5.029380425619773831e-01
5.351762869037114401e-01
5.115918744132559315e-01
4.994658140990978490e-01
5.204326959374623307e-01
5.262820568158586010e-01
5.124732860578939952e-01
5.158119628635736698e-01
5.132478590831797138e-01
5.239049156443176258e-01
5.226495652499362210e-01
5.243856810733803497e-01
5.271634605004746899e-01
5.270299128232858177e-01
5.227296971994587205e-01
4.867254247586442206e-01
5.003739348015723287e-01
4.997863196091263949e-01
5.698450770006220356e-01
5.079326920975477666e-01
5.397168808640576687e-01
5.432425258506057286e-01
5.166933776922205679e-01
6.188301346304578843e-01
5.149839804786392472e-01
5.184027757018040417e-01
5.321314081422283682e-01
5.263087571176707780e-01
5.626869691042308830e-01
5.244391071490752676e-01
5.245726420902289133e-01
5.303952947067908097e-01
5.366185935389281569e-01
5.443108865720593936e-01
5.989316206775668894e-01
5.545673048776438296e-01
5.539529949554011790e-01
5.520566144369096762e-01
5.614049144280262027e-01
5.512286272759620021e-01
5.531250030184403643e-01
5.701655984306946978e-01
5.655983001885250827e-01
5.422542731986087494e-01
5.894230742994537309e-01
5.221955144507253177e-01
5.522970078974707153e-01
5.459668815900117211e-01
5.678418817428441123e-01
5.108440199978331320e-01
5.529113257797355629e-01
5.801549086458662741e-01
5.639423051705726442e-01
5.432425178905837537e-01
5.596955140304361587e-01
5.976228553515214870e-01
6.176014932939130064e-01
5.844818412875518732e-01
6.282585474670442371e-01
6.331196596734544046e-01
6.075053452553912381e-01
6.267628259001634117e-01
6.486111154031549697e-01
6.181623898764960767e-01
6.540331178241306498e-01
6.569444512964313088e-01
6.370459389355447311e-01
6.230769186065746590e-01
6.563301365981754065e-01
6.662927361635062606e-01
6.713408054067538933e-01
6.743322676445683284e-01
6.719284158231865201e-01
6.852029863203692450e-01
6.450053416510932447e-01
6.876068349577422190e-01
6.942307672694197906e-01
6.936164557551725007e-01
7.078525618864939251e-01
7.086538447656182127e-01
7.149305481813912344e-01
7.192307685812313611e-01
7.032051332868063387e-01
7.147168773107039907e-01
7.156784193128601368e-01
7.217681577317733854e-01
7.267895322452242457e-01
7.282852522201008760e-01
7.372061969378054247e-01
7.227831258096246714e-01
6.745459480672819641e-01
7.366987248389129661e-01
7.475160206230277993e-01
7.179487210690466137e-01
7.401442315079207468e-01
7.530715842532296200e-01
7.271901760727931263e-01
7.436965760002787196e-01
7.649038417471779594e-01
7.685630352069169335e-01
7.579326837236044501e-01
7.762019212684061475e-01
7.602831190213178436e-01
7.881677304195541245e-01
7.740918786352517511e-01
7.963942284894804935e-01
7.879006398411897427e-01
7.900641069580346398e-01
7.797008556051132633e-01
7.913728571600384676e-01
7.873664586844607571e-01
7.867254206003285733e-01
7.905181561652411260e-01
7.921207298835118982e-01
7.928952957447776839e-01
8.178952986485936716e-01
8.137019319921476868e-01
8.100694444062362942e-01
8.124465792097597117e-01
8.069177325974161707e-01
8.006410339576566226e-01
7.989316271920489099e-01
8.085470026374881325e-01
7.945245721528673144e-01
7.961271395031201958e-01
8.005074743404347881e-01
7.962606911603201665e-01
8.057692351504268657e-01
8.116185856807943688e-01
8.069177421494426738e-01
8.055822669695584803e-01
8.099893267847533274e-01
8.134081164359026062e-01
8.247596156648082655e-01
8.357905870956232608e-01
8.316506369628458017e-01
8.384348331735684834e-01
8.434027752433066460e-01
8.378472147971136597e-01
8.501869698620249105e-01
8.598557745671679964e-01
8.305822603213481869e-01
8.332799149629397384e-01
8.478098334664971869e-01
8.456730690394709260e-01
8.504006391407078480e-01
8.490384676390223539e-01
8.659722220439176610e-01
8.627938107292875136e-01
8.751869679898276466e-01
8.590544789520084823e-01
8.759348279772660728e-01
8.579861134545415657e-01
8.580395331622187038e-01
8.647970107630786885e-01
8.694711531966159423e-01
8.745459362737133535e-01
8.751602589319912306e-01
8.832799175865628794e-01
8.981837565318131489e-01
8.757478613884021046e-01
8.788728641393855900e-01
8.798878210732060667e-01
8.705128191882727240e-01
8.901976511264457770e-01
8.730769285406820845e-01
8.795138878954781303e-01
8.766826879647042770e-01
8.839476504004918356e-01
8.690972216108925341e-01
8.722756440695533797e-01
8.779380327870703882e-01
8.843215835782196610e-01
8.682692217139096336e-01
8.860576914416418148e-01
8.870192350358024891e-01
8.716079048876069768e-01
8.901976559024591396e-01
8.897970088908813135e-01
8.924412422327913097e-01
8.836538459882775642e-01
8.943910257429137367e-01
8.871527755489716505e-01
8.833333388862445457e-01
8.854700873932267458e-01
8.917735030508449068e-01
8.936164535136303932e-01
8.934561959826028410e-01
8.884081187793332335e-01
8.928953041760330223e-01
8.975427200396854932e-01
9.038461548013563274e-01
8.977564100144256320e-01
8.931089830067422408e-01
8.978098201700764891e-01
8.955662338397442079e-01
8.991452985339694060e-01
9.036591898044968874e-01
8.986378200670592786e-01
9.015758514531657664e-01
9.118055622929180926e-01
9.178151560262736153e-01
9.026976414343230726e-01
9.144764999166512531e-01
9.051549081873689895e-01
9.008279898737229230e-01
9.088942383726437146e-01
9.101762731487934577e-01
8.979967883509447635e-01
9.086538504840979691e-01
9.103632476976792898e-01
9.079594038363196784e-01
9.130608959712533945e-01
9.220085513387989984e-01
9.203258504470188672e-01
9.112446641183304941e-01
9.138621868103996571e-01
9.161591912564047702e-01
9.195245707519033029e-01
9.254807686576476122e-01
9.231036306701154714e-01
9.118856878744231453e-01
9.277243597639930339e-01
9.204326914543778937e-01
9.055555567909508996e-01
9.239049199172573168e-01
9.205662431115778643e-01
9.290598301678640869e-01
9.146634712815284729e-01
9.274305569437832908e-01
9.313034228662140368e-01
9.174679462344216274e-01
9.240384667984440359e-01
9.329059790724363310e-01
9.150106731133583748e-01
9.208333352819466633e-01
9.264156127459981516e-01
9.206730777509193331e-01
9.310897344834783151e-01
9.210203002788063253e-01
9.150908098388940148e-01
9.369658147677396576e-01
9.294070495117423558e-01
9.238247815997172596e-01
9.415598236597499948e-01
9.353365383596502491e-01
9.475160263415075557e-01
9.352564143701496135e-01
9.350694509652943687e-01
9.446848280027381195e-01
9.285523532929582657e-01
9.312232877326827030e-01
9.459935909407769516e-01
9.422542671235198952e-01
9.429754196451259896e-01
9.275641022329655927e-01
9.324786341470532314e-01
9.216880362767438939e-01
9.360577004332827356e-01
9.317307709756060818e-01
9.219284162052674425e-01
9.245726399951511576e-01
9.394230799287810463e-01
9.197115405247761055e-01
9.348824811924217881e-01
9.259348242328715450e-01
9.400641020928691693e-01
9.173611131870846869e-01
9.410523467848442847e-01
9.232104732694788041e-01
9.127671011110656263e-01
9.235844096312155749e-01
9.298076933393110144e-01
9.264155936419452564e-01
9.354166687171681094e-01
9.274038494779512920e-01
9.324519219052078700e-01
9.325587597285580621e-01
9.448985084254517552e-01
9.370192233313860974e-01
9.354433666309739381e-01
9.432692288333534014e-01
9.338408136087605893e-01
9.258279895935301873e-01
9.390491435670444975e-01
9.365117480484848045e-01
9.336805608537460666e-01
9.327724290072407776e-01
9.236111107290299049e-01
9.305288490449261651e-01
9.455128119796769592e-01
9.348824843764306225e-01
9.338942365004464508e-01
9.362980739937887265e-01
9.182425216477141383e-01
9.241987147774450850e-01
9.321314052511482373e-01
9.165865377737923980e-01
9.307425230996222432e-01
9.346955114195489855e-01
9.231036306701154714e-01
9.194177377045662514e-01
9.204059887645591465e-01
9.260416572802085966e-01
9.346688119137388506e-01
9.319177343804611047e-01
9.316239331522557787e-01
9.288995790048540924e-01
9.262820515367720109e-01
9.237446544262077897e-01
9.271100323297019052e-01
9.329326976822991391e-01
9.333867580335364345e-01
9.286324740984500670e-01
9.322649569083483190e-01
9.307425278756352727e-01
9.327991428410905561e-01
9.302350382646943361e-01
9.315972256864237799e-01
9.346688007697080414e-01
9.280448748260480274e-01
9.431623926020075155e-01
9.226495703188781761e-01
9.452991522530204138e-01
9.402777777395694425e-01
9.327724258232321652e-01
9.425747853695836120e-01
9.411591846081944768e-01
9.310630381616771256e-01
9.343215862018430240e-01
9.386217906816393119e-01
9.450587675484836137e-01
9.470619675822747885e-01
9.461805511616232511e-01
9.505876046088006515e-01
9.541666693030258495e-01
9.461271394139680879e-01
9.497329163500385363e-01
9.443910235905238482e-01
9.401976505660603056e-01
9.407852498384620121e-01
9.435363385157706784e-01
9.445512827135558176e-01
9.382211516300836829e-01
9.428418854999746079e-01
9.422275692097141775e-01
9.429220063054662981e-01
9.340010631797659446e-01
9.483707241522958409e-01
9.456997881205673195e-01
9.617254313750144279e-01
9.354967927066688560e-01
9.408386870581878503e-01
9.415331273379488053e-01
9.321047057453384355e-01
9.369391009338899901e-01
9.353365399516545553e-01
9.306891017999404658e-01
9.357905955268785991e-01
9.401175202085421123e-01
9.336538454278919819e-01
9.251869674294421753e-01
9.434829044800537856e-01
9.409188110476884859e-01
9.425213704379195034e-01
9.414262911066031414e-01
9.495993615088299533e-01
9.429754307891567988e-01
9.490117590524191904e-01
9.385149417142581996e-01
9.415865406776084967e-01
9.537393148256162467e-01
9.482638879209501770e-01
9.529647489643504610e-01
9.582264890782853373e-01
9.464476512920141360e-01
9.474893204676798630e-01
9.543536358918898177e-01
9.442040633696775487e-01
9.468215812857334601e-01
9.480235032164132658e-01
9.485042758094958115e-01
9.496527764404939509e-01
9.400106871612051718e-01
9.424412368963924758e-01
9.487713663878603043e-01
9.359508626099324324e-01
9.439102589574634994e-01
9.427350429006110533e-01
9.396634566732959826e-01
9.292200813308739704e-01
9.532318331746973961e-01
9.276976427461347541e-01
9.481837607474408181e-01
9.478365366275492976e-01
9.441506516220221634e-01
9.498397414373536130e-01
9.471153825139386750e-01
9.384348304607927904e-01
9.368589753523850483e-01
9.370993536889042907e-01
9.449519122130849436e-01
9.358440184185646826e-01
9.325053416128850081e-01
9.247863204178645713e-01
9.381410260485787411e-01
9.432158170856980162e-01
9.397702992726594262e-01
9.362446495100982258e-01
9.539262798224757978e-01
9.468215765097203196e-01
9.444177390163779329e-01
9.489049069010293547e-01
9.407585407806257072e-01
9.505074726592781520e-01
9.545940269644442866e-01
9.513087555384024396e-01
9.502136777990901617e-01
9.508012738874834779e-01
9.449786308229478626e-01
9.436698710689177538e-01
9.495459418011525932e-01
9.290598269838553636e-01
9.332799058821467098e-01
9.444177342403646813e-01
9.535256455469334202e-01
9.496794823143216435e-01
