7.483173142481815976e-01
7.492788455043083440e-01
7.525641041943150755e-01
8.021367539325331419e-01
6.994391051877257848e-01
7.273771374876427664e-01
7.221153830456682465e-01
7.139423070714259190e-01
7.345352561300635408e-01
7.363247876811740422e-01
7.316239298217825926e-01
7.336805611052827913e-01
7.487446551935539318e-01
7.154113279384933799e-01
7.496260632561821957e-01
7.195512824492831250e-01
7.383814018506269505e-01
7.264957170869803527e-01
7.551282055867023502e-01
7.531250023689024520e-01
6.432959436415097709e-01
6.510683745941799883e-01
6.502403894232379189e-01
6.326388870803718589e-01
6.766025662167458599e-01
8.104700806717841655e-01
8.090277772205762830e-01
7.479700873422825413e-01
7.433226472005629581e-01
7.523771340234410854e-01
7.288461499966871759e-01
7.494925283150286610e-01
7.638888883953673936e-01
7.682158142710343585e-01
6.500534188543628522e-01
6.512553352130273643e-01
6.127136732236696526e-01
6.047809847399719940e-01
6.455128233020120954e-01
7.576388856794080695e-01
6.715277831396485597e-01
6.521100457598510980e-01
8.795405945653079760e-01
7.309829116377055680e-01
7.760950834450558444e-01
7.699519173584431497e-01
7.707799100914063395e-01
7.845886784613642639e-01
7.727831156972126969e-01
7.730769217014311634e-01
6.668269236882526929e-01
6.772970057005046618e-01
6.903044840273183658e-01
6.928151728760483241e-01
6.830395239795374884e-01
6.728632431954910675e-01
6.826923145856866881e-01
6.868322667084697519e-01
6.901976458059672082e-01
7.021634593351273601e-01
6.728098302538322306e-01
7.001335490494966507e-01
6.942040586095844512e-01
7.039796991480720134e-01
6.858440168424804195e-01
7.477564116955821572e-01
7.012553497766836896e-01
6.897168756008912327e-01
7.104433735307210673e-01
6.908386755320761186e-01
7.604166682905111330e-01
7.758814113803652601e-01
6.915598292476856646e-01
6.965010670356006628e-01
7.040865385634267337e-01
7.134348286045157916e-01
7.145032056440145940e-01
7.169604708050560937e-01
7.084668785747554320e-01
7.182692357331004196e-01
7.216079069667646895e-01
7.091079043208533550e-01
7.367521318105550998e-01
7.118055525944273487e-01
7.238782035489368383e-01
7.218482888852939539e-01
7.633012799689402605e-01
7.084134616530858297e-01
7.061164516350650899e-01
7.304487185409435090e-01
7.308226517186715565e-01
7.277510654913563748e-01
7.413194435847619834e-01
7.219551314846570644e-01
7.291132465450681499e-01
7.313568352634070013e-01
7.353098259713405360e-01
7.384615385761628126e-01
7.232638856666718796e-01
7.389957213248962153e-01
7.387553437843792370e-01
7.336538413014166427e-01
7.270566164555712918e-01
6.930288381747200521e-01
6.360042753318945197e-01
7.287393101833314901e-01
7.274839757089941461e-01
6.412126100661916794e-01
6.362179434165740055e-01
7.438835425891426878e-01
7.679487228966676016e-01
7.104433755207264500e-01
6.853632474334067082e-01
6.447916699844038479e-01
6.484241492122920780e-01
6.401442342206963287e-01
7.325587591840925228e-01
7.389423075872354474e-01
7.575320474580566898e-01
7.604433745623397911e-01
7.429754230806715487e-01
7.516826925496769007e-01
7.357104725849169524e-01
7.377136765987190037e-01
7.079326930400143825e-01
7.014423032315113549e-01
7.242788525505198249e-01
6.757478703959629573e-01
6.643162404115383612e-01
6.615918783041147000e-01
7.119123876317697830e-01
7.751068431310929041e-01
7.782852608137404982e-01
7.669871765164992805e-01
7.631410252239205771e-01
7.603098260891488769e-01
7.686698706422605554e-01
7.663995708760796832e-01
7.700587615498110106e-01
7.667735072378165651e-01
7.781784229903903061e-01
7.622596167632911257e-01
7.718749981787469405e-01
7.758814101863620305e-01
7.750801316852496958e-01
7.387820480662022904e-01
6.956196573809680928e-01
6.803151690361335380e-01
6.716079035471391734e-01
6.727831172159848272e-01
6.776175171805496333e-01
6.851228643208742142e-01
6.870993529088222918e-01
6.840811915631986873e-01
6.643963663910443795e-01
6.656517068353983158e-01
6.349091948065748170e-01
6.685096134360019038e-01
6.628205148646464373e-01
6.805822683705224918e-01
6.526976537882771545e-01
7.008814090369349659e-01
7.242254344348468820e-01
6.902243616298223694e-01
6.725160222596082704e-01
6.743589759064025912e-01
6.616185893519566097e-01
6.510683749921810648e-01
6.695245727578289507e-01
6.825053412308039746e-01
6.727029860624644808e-01
6.797275641917163158e-01
6.561965873289821172e-01
6.521634579055074488e-01
6.427617549227596649e-01
6.528311974854550392e-01
6.429220100657807579e-01
6.497863219079808017e-01
6.623664545134091419e-01
6.656784198732457192e-01
6.658920963159483675e-01
6.541132477836475445e-01
6.650106838753080396e-01
6.481303444020768412e-01
6.441239315984594871e-01
6.515758498770813922e-01
6.445245734360227630e-01
6.568910244247342378e-01
7.360042730171201253e-01
6.634348255828914631e-01
6.518429484154677489e-01
5.884348319954851858e-01
5.706196540059186306e-01
5.714209360890408762e-01
5.917467901913019412e-01
5.883012791442819855e-01
5.829059865771450966e-01
5.809829085428490636e-01
5.841880324973255378e-01
5.710737155511592666e-01
6.007211550146851486e-01
6.126068326143117027e-01
6.056890982784267630e-01
6.953525632205935780e-01
6.913728602708150150e-01
7.048611080067025414e-01
6.954594022379471108e-01
6.881677355203363877e-01
6.098824764769046336e-01
6.528578989812706679e-01
6.259348291871894565e-01
6.375534162084516288e-01
6.114316237214791894e-01
5.735309799161986133e-01
5.389423114207818610e-01
5.531250002324326065e-01
5.621260697356401659e-01
5.448985117145328516e-01
5.685630342644503177e-01
5.568108955859882858e-01
5.704593956788890363e-01
5.670673122995684157e-01
5.540598303907448008e-01
5.714209400690518637e-01
5.643696608419855876e-01
5.463675222335716564e-01
5.654647417653065888e-01
5.697916708249821660e-01
5.619391039427783507e-01
5.737980768625807748e-01
5.742254317379914541e-01
5.844551322297153462e-01
5.761485061902775762e-01
5.673878205956046639e-01
5.965811985138899098e-01
5.970619639429526337e-01
5.735844024098837313e-01
6.010416684847357249e-01
6.028846121815024661e-01
6.100961553076138522e-01
5.953258524975206800e-01
6.174679460147252108e-01
6.474893039299380870e-01
6.836805596756628800e-01
6.573183789021439516e-01
6.726228668489772078e-01
6.756677372524371172e-01
6.906784219810595538e-01
6.874198651848695274e-01
6.835737126982873724e-01
6.813034125341054237e-01
6.876869657132614888e-01
6.874198623988617696e-01
6.751869618733468137e-01
6.859508522778239303e-01
6.941773479597436181e-01
7.104433731327198798e-01
7.166399485789812784e-01
7.162393222634608758e-01
7.337072721531248121e-01
7.459668853184860948e-01
7.540598245671926714e-01
7.623931544904525293e-01
7.318109015846608889e-01
7.204861177816095363e-01
7.289797092159079339e-01
7.133012829173325242e-01
7.292200895424327811e-01
7.453525726102355753e-01
7.579594047214740504e-01
7.708066255172603132e-01
7.626602498448302736e-01
7.604166635144978814e-01
7.200320490723490785e-01
7.412927329349211503e-01
7.916666631642570451e-01
7.815438084559053200e-01
7.434828975675706886e-01
7.526976518715038367e-01
7.757478712651973973e-01
7.760149483115243996e-01
7.534722153447631632e-01
7.571581146783298299e-01
7.928418720570894473e-01
7.809294881856339021e-01
7.627136759205250804e-01
7.557158144111305598e-01
7.286324811160054260e-01
7.629273499752210475e-01
7.759882519897232100e-01
7.954059790214921266e-01
7.709134601566016709e-01
7.524305533331174800e-01
7.422542677730574745e-01
7.124732909803715986e-01
7.126602639372532355e-01
7.676015051447937498e-01
8.011485028725404689e-01
7.951923121308158704e-01
8.087873960980491717e-01
7.842681626033070064e-01
7.840544789965844252e-01
7.857638953142185301e-01
7.234775716614010310e-01
7.292200835724161889e-01
7.439636697626521578e-01
7.763354721296038541e-01
7.823984959186651711e-01
7.917200852599409755e-01
7.759348275060327094e-01
7.923878260338916846e-01
7.954326936513439472e-01
7.964743723790360663e-01
8.137820535936416411e-01
7.973557665116257631e-01
7.851228628021019729e-01
8.358707278011701103e-01
8.206463634458363021e-01
8.107638934420213772e-01
8.130074781803493522e-01
7.321314051046838856e-01
7.815437965158723577e-01
8.233173106215957437e-01
8.209134659642336462e-01
8.304487158281680381e-01
8.152510732667057614e-01
8.295673137355563664e-01
8.331997774414018343e-01
8.413194552000260451e-01
8.297008542487254168e-01
8.339209442910474612e-01
8.283920913106864736e-01
7.921207298835117872e-01
8.359241395488254955e-01
8.445779849321414234e-01
8.391559833071680075e-01
8.418002070970513895e-01
8.345085499314670585e-01
8.467681571268118601e-01
8.456730785914974291e-01
8.138087642434823632e-01
8.606036361466106177e-01
8.235576953261326549e-01
7.976762831656851738e-01
8.209935931377431162e-01
8.534187969043213196e-01
8.502938013173575449e-01
8.611645279531804364e-01
8.368589732891473787e-01
8.435096178426700897e-01
8.239850466195333123e-01
8.330395318504071334e-01
8.553952950442956782e-01
8.454861048386138611e-01
8.468749989301730396e-01
8.555288506815066363e-01
8.483173143214139955e-01
8.556623935826823679e-01
8.254540623125867782e-01
8.385683768707462571e-01
8.281517113821628140e-01
7.900373931241850833e-01
8.272970119793701116e-01
8.468215712624737046e-01
8.376335407424175816e-01
8.538461553617420208e-01
8.498130303162794164e-01
8.768162428059128599e-01
8.700320473911923314e-01
8.600427276239944741e-01
8.475694487619602757e-01
8.470352500931829232e-01
8.299412413412687872e-01
8.238782008361612563e-01
8.487713595486093832e-01
8.510416692648177239e-01
8.638621706547391366e-01
8.868589814847860353e-01
8.713942324249153160e-01
8.902510660581099966e-01
8.851762805930059042e-01
8.809829043845334162e-01
8.726495756552770100e-01
8.533653923206859782e-01
8.599091910908364111e-01
8.215544857403150880e-01
8.987446515223919130e-01
8.728632481179686708e-01
8.787393140741901476e-01
8.863247828160085717e-01
8.382211591188722943e-01
8.790865397860860853e-01
8.814903788714326671e-01
8.895566281663555008e-01
9.026709395405063674e-01
8.649038454024201572e-01
8.718482967561635988e-01
8.843750024898948681e-01
9.106303382760437826e-01
9.071848331990405301e-01
9.115918739101824819e-01
9.173611131870847979e-01
9.185363276519324938e-01
9.153311977274396494e-01
8.851228584973221958e-01
8.728365454281497016e-01
8.962606852635358612e-01
9.084935802170353014e-01
9.031517129295911772e-01
8.788728577713679213e-01
8.987980760060824137e-01
9.064636711254079326e-01
8.981570490659811501e-01
9.073985056617319689e-01
8.978899600796209635e-01
9.106570505178890329e-01
8.988514957137596628e-01
9.004006449483398233e-01
9.058760654849883354e-01
9.031249911357193128e-01
9.165331164741108427e-01
8.784722298638433235e-01
8.975961540754023860e-01
8.981303447841577636e-01
9.015758578211832130e-01
9.120459390374329178e-01
8.994123907043383159e-01
8.873130362640078150e-01
8.880341887856140204e-01
8.987980807820955542e-01
9.075053355250601861e-01
8.993856832385063171e-01
8.282051334778467444e-01
9.067307696637942893e-01
8.912393091580805837e-01
8.791399579017589172e-01
8.957799126704534265e-01
9.017361026161755388e-01
8.816773550123231384e-01
8.861111143333278983e-01
8.700053327613406218e-01
9.023237162166171110e-01
8.847489364636249576e-01
8.906784253115327399e-01
8.796741502025188231e-01
8.850160222659761988e-01
9.099893177039602987e-01
8.807959322236541544e-01
8.694711420525851331e-01
9.030982868538961483e-01
8.694444393627662748e-01
8.425480822085315014e-01
8.554487211199907071e-01
9.135416653803271059e-01
8.885149581946876207e-01
9.006944429925364259e-01
8.784989341456664880e-01
8.902510676501143028e-01
8.744123941685398860e-01
8.589209384388394319e-01
8.517093973027333176e-01
8.933760719931023164e-01
8.918269163905045982e-01
8.914262821149621097e-01
8.931089702707071254e-01
8.813034202425906738e-01
8.868322604869163239e-01
8.794871820216504377e-01
8.801816270774245332e-01
8.459935841015260305e-01
8.652510742983247072e-01
8.723824850769124062e-01
8.954861114422478785e-01
8.332799149629397384e-01
8.694978702144744442e-01
8.655715734403356398e-01
9.151709354203989566e-01
8.512553417275096068e-01
9.057425186038017273e-01
8.711004256246944744e-01
8.674679547548291847e-01
8.496794929871192004e-01
8.574519259297949114e-01
8.614850461992442643e-01
8.688034219746915143e-01
8.814903884234590592e-01
8.934561975746073692e-01
8.889690137699118866e-01
8.621527790131731095e-01
9.088141048311167980e-01
8.904113331411639409e-01
9.256143123548253859e-01
8.641559870069862592e-01
8.618055485252640313e-01
9.146634585454932465e-01
9.245726543231906902e-01
8.900908021590647756e-01
8.451655985325828846e-01
8.434027736513023399e-01
8.847489253195941483e-01
