6.983440174983861493e-01
6.767895296216011047e-01
6.991185869416619569e-01
6.964743599677697405e-01
6.746260688727736543e-01
7.060096106277061745e-01
7.099091899859854005e-01
6.987446577439450079e-01
6.786591879482198886e-01
6.872329057600253810e-01
6.906517121272208737e-01
6.906784164090441491e-01
6.895833319037132370e-01
7.192307665912258674e-01
6.966079080429596893e-01
7.246527777682256755e-01
7.349626078214654967e-01
7.020833345496247935e-01
6.945779909913101235e-01
6.875801294819157139e-01
6.918002131562202006e-01
7.357104713909137228e-01
7.451121783536722720e-01
6.942841885691015680e-01
7.258546993009046266e-01
7.324519245447510540e-01
6.931623890359177587e-01
7.122863239935065538e-01
7.360843982006238795e-01
7.805288491340782731e-01
6.638087663226401869e-01
6.786591887442219306e-01
6.978899579431511180e-01
6.840277766315344676e-01
7.051282089330955793e-01
6.969017104651683558e-01
6.659187990057673368e-01
7.125801236297075736e-01
7.577457290747735552e-01
7.696047051785848137e-01
6.796741464740445604e-01
7.404914500557968626e-01
6.969017128531748151e-01
7.270299161537590038e-01
7.222222196750152090e-01
7.181623947257412821e-01
7.382478653174689986e-01
7.369925232811106453e-01
7.874198692381125797e-01
7.041132468252608856e-01
7.151976522917931067e-01
7.356036343635656838e-01
7.373931659146760742e-01
7.136217908153675848e-01
7.340811989628350798e-01
7.414796971357786592e-01
7.493322652119855931e-01
7.843215823109842555e-01
7.105769255859220035e-01
7.073183807297648285e-01
7.367521397705769637e-01
7.289796964798727075e-01
7.491987199228035132e-01
7.632478666292805691e-01
7.453258595723881719e-01
7.725160251188480931e-01
7.181089730280586503e-01
7.417467956741650159e-01
7.949252135924294027e-01
7.361378242763187973e-01
7.408119659138540092e-01
7.497061920216958608e-01
7.472756367144930412e-01
7.477564085115733228e-01
7.512553372762651449e-01
7.440705099740088091e-01
7.386485011850156823e-01
7.649038465231912109e-01
7.453792745040522805e-01
7.534188004130990546e-01
7.624732975840058380e-01
7.662927326547283036e-01
7.576656003092600011e-01
8.438301289247143178e-01
7.658386754874999536e-01
8.278579037859398193e-01
8.287660252844164521e-01
8.146100439385979275e-01
7.803685876230398444e-01
7.884081206961065513e-01
8.057959378402457240e-01
7.817040572309086333e-01
8.181623955949758331e-01
7.991185945769150312e-01
7.996794895674936843e-01
7.862446607432813650e-01
7.850427300565772093e-01
8.407852549392442754e-01
7.989583282898633509e-01
8.041399571503328181e-01
7.968215758028702744e-01
7.984775628608006270e-01
8.050480770568053668e-01
8.235309862682960169e-01
8.258279931023078113e-01
8.144764994454178897e-01
8.186965831197223764e-01
8.252136760160455609e-01
7.995726493561369219e-01
8.121794862433884266e-01
8.297275696745793905e-01
8.167467980175955322e-01
8.084401695901511919e-01
8.774305551161621919e-01
8.220886764490705767e-01
8.209401694500547686e-01
8.770833341802795058e-01
8.173878205796845098e-01
8.287927367302597714e-01
8.176549155360612886e-01
8.222756414459302388e-01
8.396100404743963574e-01
8.799679442667043272e-01
8.226495718376503063e-01
8.426014955481911928e-01
8.076388930790443510e-01
8.282852550793406987e-01
8.409989321779489657e-01
8.523504290188479438e-01
8.632745697903326798e-01
8.918803432622016691e-01
8.619925246661545026e-01
8.226228607898083967e-01
8.457264959111682190e-01
8.533119702250020477e-01
8.805822661289800513e-01
8.407051309497437508e-01
8.683493608274521769e-01
8.647168883655825811e-01
8.922542716639163540e-01
8.603365376082239280e-01
8.738514944019479813e-01
8.745726540875740085e-01
8.569177320370306994e-01
8.283653814568479046e-01
8.523771333006713302e-01
8.727831193524546727e-01
8.667200844193625464e-01
8.907585493010332645e-01
8.775106870656850244e-01
8.983974369545268956e-01
8.633546993518486090e-01
8.673878243973112134e-01
8.318910232593870191e-01
8.372596171167161483e-01
8.713141036594015398e-01
8.527777787202444060e-01
8.928685879541766734e-01
8.921741421024005358e-01
8.955128189080800993e-01
8.756677373989014690e-01
8.435897482001881720e-01
8.708066212124803140e-01
8.521634568579685709e-01
8.727564102946183677e-01
8.531250008501303217e-01
8.961271344023381547e-01
9.060630312778500395e-01
8.665331186265007313e-01
9.028044848296887803e-01
8.529380338632652769e-01
8.637019250637445467e-01
8.622596184285277188e-01
8.578792700591759690e-01
8.525106817738621334e-01
8.556356805448348535e-01
8.861645284689898538e-01
9.011217934899349302e-01
8.787927313938608265e-01
8.894230725291447648e-01
8.785256400194940696e-01
8.640758566494678439e-01
8.810897461878948178e-01
8.937500027828236826e-01
8.939636776335219137e-01
8.661324795749452132e-01
8.574252136879496611e-01
8.290865363664606802e-01
8.118856874031897819e-01
8.708333334543256754e-01
8.920138813873641492e-01
8.775640996093423407e-01
8.725694484817675400e-01
8.231303400527207881e-01
8.474626061625970541e-01
8.193108922459629850e-01
8.564903839276386543e-01
8.334134666201394870e-01
8.204861114868241545e-01
8.369925169863252634e-01
8.571314100717376538e-01
8.428685960765831542e-01
8.648771347525792130e-01
8.451121820089144698e-01
8.293002128091633285e-01
8.280982956544965523e-01
8.350694401460325711e-01
8.661591846527706418e-01
8.569444474628847841e-01
8.557692282220235036e-01
8.473290576894059178e-01
8.625267098028945867e-01
8.546207315710364627e-01
8.353365362964123575e-01
8.175213678588724164e-01
8.419604765681119041e-01
8.170940125854605496e-01
8.671474365087654679e-01
8.282051287018334929e-01
8.126602572444665551e-01
8.255341886900937620e-01
8.611912378070190055e-01
8.466613280594856850e-01
8.834401727295838613e-01
8.650908064192686098e-01
8.844818347412295445e-01
8.939102547418357192e-01
8.876068430642286566e-01
8.523771277286557035e-01
8.761217889941146364e-01
8.788728657313901182e-01
8.415331197026957311e-01
8.740117503409711164e-01
8.734241447005515191e-01
8.618856836587954762e-01
8.508012829682765066e-01
8.846421034162879060e-01
8.798344045495374299e-01
8.824519280376086350e-01
8.322115383214420126e-01
8.486111083855994996e-01
8.689369640798649819e-01
8.810897406158793022e-01
8.563568322704387947e-01
8.286324776072278020e-01
8.237713630128109532e-01
8.364583350335939027e-01
8.084134565523035665e-01
8.429220066302351988e-01
8.758279933379247151e-01
8.331730755475850181e-01
8.189636705140781459e-01
8.940170997292057331e-01
8.824519240575978696e-01
8.771367514999504067e-01
8.329593975128779526e-01
8.333333283025993188e-01
8.599091902948341470e-01
8.103899546922781472e-01
8.141025646756856471e-01
8.383814134658911232e-01
8.559829086447372504e-01
8.848290668211430399e-01
8.837873912774598661e-01
8.773771322244761084e-01
8.690438026992173270e-01
8.324786360638263272e-01
8.129006347849836445e-01
8.409188002284264662e-01
8.215544817603041006e-01
8.099626065828862131e-01
8.238515021263534965e-01
8.598824820329999952e-01
8.747329100265970325e-01
8.607371774557819322e-01
8.795673115831663669e-01
8.606570478942657809e-01
8.576121778888070590e-01
8.349626094867020898e-01
8.524572692302045951e-01
8.419871752779197749e-01
8.559561924228810126e-01
8.305288501656971079e-01
8.084134629203213462e-01
8.520031985309387546e-01
8.843215795982087846e-01
8.045940159095658073e-01
8.035523483259046085e-01
8.283386739910159058e-01
8.470886753728756879e-01
8.267361114167759428e-01
8.538995750694192699e-01
8.689102526340217736e-01
8.327991399818506224e-01
7.870459388463925121e-01
8.073985099665118570e-01
8.132745695547161091e-01
8.311965853676326343e-01
8.117254282801579235e-01
7.936965810119086528e-01
8.085470098015079543e-01
8.333867511942855133e-01
8.338408131375271148e-01
8.521901683038115571e-01
8.489583372815042717e-01
8.687499990830054308e-01
8.759348271812638087e-01
8.586004313368064134e-01
8.594284192937562405e-01
8.487446584507951641e-01
8.612980780183758789e-01
8.513888941807115085e-01
8.286591858690619539e-01
8.556089722830005906e-01
8.607638873096205012e-01
8.680555564152379056e-01
8.500801320386748294e-01
8.562767098729426873e-01
8.544070471683119505e-01
8.564903823356343482e-01
8.613782059878873909e-01
8.636217955022285064e-01
8.745192296038835078e-01
8.688835475561964561e-01
7.946581238100670630e-01
8.641025680953110522e-01
8.510416668768112647e-01
8.087339716143587820e-01
8.512820507853459118e-01
8.368589820451716177e-01
8.669871829577490141e-01
8.549412410610760515e-01
8.510149562269702095e-01
8.465811969059654496e-01
8.314369629081496127e-01
8.481837570921986202e-01
8.379273499306451045e-01
8.647168788135560780e-01
8.391025635994906473e-01
8.522168821376613357e-01
8.493055570233835061e-01
8.192574812943099749e-01
8.707531999127986477e-01
8.778311981477289194e-01
8.500000032731610533e-01
8.551282068539378667e-01
8.287927335462508260e-01
8.742254275796759178e-01
8.703792723070861159e-01
8.551014977961013397e-01
8.387286320137671281e-01
8.615651717807493171e-01
8.279380333474557485e-01
8.640758582414724831e-01
8.334401756779761250e-01
8.556089714869983265e-01
8.310897435642713438e-01
8.381143228875265194e-01
8.379540613764882018e-01
8.342147383552329654e-01
8.589209424188501973e-01
8.064102585085181074e-01
8.290598289006284594e-01
8.536057666771941221e-01
8.369658111124974598e-01
8.320779970122706981e-01
8.412126078246495720e-01
8.256944398531036455e-01
8.358440123753160256e-01
8.404647470412091037e-01
8.377136766719511796e-01
8.291666619479655109e-01
8.547809795500376229e-01
8.632478639165050982e-01
8.716346179254542692e-01
8.275641033537367575e-01
8.284989291340366657e-01
8.278044840782625702e-01
8.582799114987380573e-01
8.198717944005614600e-01
8.891559835427846892e-01
8.953792712308912272e-01
8.559829110327440427e-01
8.961538458481812519e-01
8.807425180879921989e-01
8.895566202063334149e-01
8.679220087380489224e-01
8.985309782636980991e-01
8.660790614592722703e-01
8.685096111944597963e-01
8.939903858953561766e-01
8.943376068312387517e-01
8.542200885394699572e-01
8.658386743667288998e-01
8.830128190481764117e-01
8.467948693686568884e-01
8.838942275088057521e-01
8.440438013874057566e-01
8.429754255419104059e-01
8.426282061980321370e-01
8.439102537102168844e-01
8.551816217856020863e-01
8.308226474138915574e-01
8.475694463739537055e-01
8.473290608734145302e-01
8.465544894401334508e-01
8.391826907730000062e-01
8.629807733381404944e-01
8.824519224655934524e-01
8.449252114400394031e-01
8.483707260690691587e-01
8.811431682835786372e-01
8.681356859767538348e-01
8.364583366255984309e-01
8.665865391301803555e-01
8.726495748592748569e-01
8.471420934885484089e-01
8.419337603462557773e-01
8.152243642088695674e-01
8.702991443375744929e-01
8.345085459514560711e-01
8.489049127978136600e-01
8.592414574809055239e-01
8.677083314993441210e-01
8.379006345047910198e-01
8.513621763668508535e-01
8.317307713003749825e-01
8.590277786501960833e-01
8.660523531974378963e-01
8.653846124234870762e-01
8.223023505037665437e-01
8.389690135342950938e-01
8.630876095694863803e-01
8.779113261172404314e-01
8.499732886433091217e-01
8.442040597144353509e-01
8.418269217269032101e-01
8.776442267828516997e-01
8.623664498838603532e-01
8.605502132549244232e-01
8.833600463520767665e-01
8.688835491482008733e-01
8.856036342744133538e-01
8.473023494275715439e-01
8.226762804974857568e-01
8.495993570575856024e-01
8.484775559323973759e-01
8.531784257318218989e-01
8.710737189548647397e-01
8.697382517350024100e-01
8.722489286436992950e-01
8.924145331749548937e-01
8.306624002308926613e-01
8.649572623240896485e-01
8.856570539820907140e-01
8.575854720149793664e-01
8.546741425226895839e-01
8.469818447135450956e-01
8.511485031081570396e-01
8.648504272867471032e-01
8.471688025463848248e-01
8.955662386157573485e-01
8.535256426876935976e-01
8.719284159696509828e-01
8.724091917467422519e-01
8.578792724471825393e-01
8.277510667585917803e-01
7.649305531930210567e-01
8.024839780524245514e-01
8.482906028755708983e-01
8.500267099429908990e-01
8.765491434715242391e-01
8.304487221961855958e-01
8.458867534421956602e-01
8.496260661154220184e-01
9.002136791554780082e-01
8.937499972108082780e-01
8.686164577738342274e-01
8.557959364838579885e-01
8.538728604395673383e-01
8.732104674618468287e-01
8.745726548835761616e-01
8.580128193283691473e-01
8.722756424775488515e-01
8.720619676268508424e-01
8.769764923769184373e-01
8.758814066775842955e-01
8.706730806993112637e-01
8.532051252376319228e-01
8.533920926224980441e-01
8.571848281874105968e-01
8.605769247007675204e-01
8.647970123550831056e-01
9.032852558307666868e-01
9.047809797856543046e-01
8.839476504004917246e-01
9.082532042685227403e-01
9.218215783819174725e-01
8.835470093589307128e-01
8.747061985807541573e-01
