5.419871826202441456e-01
5.205929530704888064e-01
5.296474339233505635e-01
5.185897458726779208e-01
5.207264955736632395e-01
5.230502090775048796e-01
5.346153847491129651e-01
5.415064112211649405e-01
5.220085510458700728e-01
5.376869701804258828e-01
5.037660205688996307e-01
5.264155977270288389e-01
5.239049120623077149e-01
5.160523463741072403e-01
5.553952936305959209e-01
5.529647450894116245e-01
5.668269172470029593e-01
5.942841908838758513e-01
5.765491420578243709e-01
5.930555571093517608e-01
5.871527753292750118e-01
5.885416674308288076e-01
5.818910244693105138e-01
5.864583346515129803e-01
6.448450817320592332e-01
6.223557712589827817e-01
5.787927363481786269e-01
6.139957243178644219e-01
5.743322647853283947e-01
5.876335515043675795e-01
5.605502142292311252e-01
5.772168788517642035e-01
5.705662358902459097e-01
6.076923062722396907e-01
5.640758600117812271e-01
5.923611144415842356e-01
6.429220064837708470e-01
6.181089733528275509e-01
6.744925219915870462e-01
6.766025646247414427e-01
6.858707298803278229e-01
6.375267091406207065e-01
6.603899611494479238e-01
6.429754245994436790e-01
6.160523508253514802e-01
5.945245704143984344e-01
6.506677343486211296e-01
6.206997869870601869e-01
6.039529912110068732e-01
6.262820556950874362e-01
6.047008567704603710e-01
6.048076898177974225e-01
6.077457243879125226e-01
6.109241396825537684e-01
6.119123907425464415e-01
6.237980838642160908e-01
6.163995729552375069e-01
6.331730730131140961e-01
6.220352581869332820e-01
6.267361064942982285e-01
6.315705088468699380e-01
6.340277708239024923e-01
6.372329031364021290e-01
6.386217956359570014e-01
6.497329133443342508e-01
6.413194359495089092e-01
6.432425191578191592e-01
6.309561909646050903e-01
6.454593996143239698e-01
6.501068369700357952e-01
6.469551235692114766e-01
6.245993587833184035e-01
6.390224402595279241e-01
6.462072651737775786e-01
6.603632512956093548e-01
6.478365423778692511e-01
6.621794863325408675e-01
6.485843967932920506e-01
6.446314068813608911e-01
6.651175224946603848e-01
6.559828949662355191e-01
6.549145215087466276e-01
6.541666662973216750e-01
6.613247893177545134e-01
6.781517082873063096e-01
6.545673053488770821e-01
6.895032035362008704e-01
7.063034166319247520e-01
6.709668706370215396e-01
7.261485037131186759e-01
7.114583316585446626e-01
7.541933774183957606e-01
7.263888844376445997e-01
7.223557665562017061e-01
7.228632490031230429e-01
6.850961516810277763e-01
6.844017090132602510e-01
6.693108994991351368e-01
6.763621807162069066e-01
6.710202975087187216e-01
6.907051238748761479e-01
6.676816262750544517e-01
7.224626075635608435e-01
7.285790598163237597e-01
7.805822616777358114e-01
7.047809832211997527e-01
7.400641003544005114e-01
7.226762792302501293e-01
7.125534181538810685e-01
7.344551313445608631e-01
7.743589755816338016e-01
6.956196633509843519e-01
7.294604682769531001e-01
7.318643129343150866e-01
7.258547016889110859e-01
7.382211546676279434e-01
7.328792706641376054e-01
7.341613317083599544e-01
7.315972263359615813e-01
7.163995686504576188e-01
7.147702954263768227e-01
7.439903867805105486e-01
7.126602607532444011e-01
7.211271411397008890e-01
7.262286261106147833e-01
7.496794901278793777e-01
7.635416646734770607e-01
7.085470109222790080e-01
7.043002165981336882e-01
7.330395329711784091e-01
7.852297022174566932e-01
7.584134618887024004e-01
7.065972202481367592e-01
7.241452949233033731e-01
7.354166614066841579e-01
7.154647444621619057e-01
7.347222155549077982e-01
7.624732904199860162e-01
7.273504272358030098e-01
7.464209381077024918e-01
7.379540573232449274e-01
7.380608943505928554e-01
7.517895299750261273e-01
7.044604709451525171e-01
7.046474335540053868e-01
7.266025732183812869e-01
7.102831132136858683e-01
7.290598252453865946e-01
7.076656016656475146e-01
7.230502132039803298e-01
7.213942317180652708e-01
6.650373909431389619e-01
7.263354726899893254e-01
7.372061929577945483e-01
7.511752101027558970e-01
7.221420956855146844e-01
7.361111120344735470e-01
7.204594059377653625e-01
7.500801275874304785e-01
7.384081228484964399e-01
8.046741482570893833e-01
8.095085478236531129e-01
7.360576931227984510e-01
8.080395297425932988e-01
7.744123956873121273e-01
7.231036305236508976e-01
7.291399532148979956e-01
7.326121784937686954e-01
7.112446583998508487e-01
7.324786312145808997e-01
7.098557674923005045e-01
7.337072637951016496e-01
7.323985028470683112e-01
8.039262838916391152e-01
7.087339802971506231e-01
7.046741414178385732e-01
7.383814074226423552e-01
7.310096191035377888e-01
7.394497848601422341e-01
7.407585485941834413e-01
8.028311981923050844e-01
7.348290597462755480e-01
6.926015028013633446e-01
7.249465821804399468e-01
8.038194428842799777e-01
7.173878189144482498e-01
8.034989262302205670e-01
7.209134587269817596e-01
7.091079118828742534e-01
7.083066274117455485e-01
7.231837561051559504e-01
7.437500020759737485e-01
7.129273509336078174e-01
7.078792693523260349e-01
7.267895282652133693e-01
7.526709436096696848e-01
7.077991433728200166e-01
7.202457255150517268e-01
7.043002181901381054e-01
7.186698712026461378e-01
7.603899584366724529e-01
7.326388915316162098e-01
7.069711566098734190e-01
7.131944506659975147e-01
7.675747769829044387e-01
7.628472251897184808e-01
6.952457253972434970e-01
7.356837583530662084e-01
7.284455121391348875e-01
7.478365325010738474e-01
7.305555539762872419e-01
7.651976541194139836e-01
7.973023511819603559e-01
7.876335480688219093e-01
7.886485050026423860e-01
8.034989286182272483e-01
7.992521374780907628e-01
8.020032054593420057e-01
7.809027703717731361e-01
7.992788481279315960e-01
8.019230699278095953e-01
7.963942312754881403e-01
7.184561939639414474e-01
7.053418798037828230e-01
7.370993499604300281e-01
7.433493622284159663e-01
7.745459421704976588e-01
7.430021385065255224e-01
7.616987221707135491e-01
7.235309798270461723e-01
7.271100401432596394e-01
6.996260650105710077e-01
7.128739340119381040e-01
7.284455105471304703e-01
7.756143124439778269e-01
7.397970137560470061e-01
7.382211522796214842e-01
7.458867537669646719e-01
7.194177295980800357e-01
8.035790617617531995e-01
7.499999984239156259e-01
7.942841854583249095e-01
7.732905997361381178e-01
6.812767102422877530e-01
7.296741455156577905e-01
7.026709489460682967e-01
7.158653827177152706e-01
7.161858985757725282e-01
7.376335458431997338e-01
7.392093953795921824e-01
7.346688061952590942e-01
7.262553439244754383e-01
7.168803476115577222e-01
7.110844008688232964e-01
6.744925227875893103e-01
7.409722182708672333e-01
7.193910261122589134e-01
7.142361126776433089e-01
7.349358995596313449e-01
7.143429441329760543e-01
7.342414493298428102e-01
7.525641006123051646e-01
7.244925230232059921e-01
7.643696578044412160e-01
7.443376009503746005e-01
7.270032023199093363e-01
7.871527786597480869e-01
7.383546975688036751e-01
8.195245754546843786e-01
7.426816250364749461e-01
7.441773545633778575e-01
7.126335437353860103e-01
6.972222310992387539e-01
7.415064141536370501e-01
7.279647411380567590e-01
7.120459460549883879e-01
7.374198678084926684e-01
7.619658131470792295e-01
7.228365431292953502e-01
7.432692330649011137e-01
7.643963712402896959e-01
7.626068396891793055e-01
7.326923048712759012e-01
7.981570493907499397e-01
7.822916668513392180e-01
7.150106833149224572e-01
7.278846147605495531e-01
8.074519248981761876e-01
7.680822614198311582e-01
8.086271333930074023e-01
7.817040632009251144e-01
7.190705134382104902e-01
7.595886735675425605e-01
7.192841862989032276e-01
7.367254263347284837e-01
7.380608927585884382e-01
7.748130367288731390e-01
7.221688015593422660e-01
7.957799157812300850e-01
7.840277767047667545e-01
7.713141103521879982e-01
7.930288509839874544e-01
8.255876040197589472e-01
7.122596137416669082e-01
7.675480798651010961e-01
7.063835513674548983e-01
6.994391043917236317e-01
6.922008601677978046e-01
7.048076894930285219e-01
7.058760617565140727e-01
7.343749962110295293e-01
7.037927373352214078e-01
7.280181632337406894e-01
7.274305591853256203e-01
7.248397419690830734e-01
7.698985036207824928e-01
7.828258499980736973e-01
6.833333256057438909e-01
7.290598332054084585e-01
7.134615388563555483e-01
7.321581197345358172e-01
7.044337579073050026e-01
7.040331196517516377e-01
6.792735034424779439e-01
6.857638940469830136e-01
7.243589713660061324e-01
7.618589737317245092e-01
7.868589718595273563e-01
7.881944414673962562e-01
7.284455121391349985e-01
7.738782045805554510e-01
7.640491467223972100e-01
7.958600397707304985e-01
8.003472211874192999e-01
7.660790637740466646e-01
7.434294890039242487e-01
7.131410273763103547e-01
6.986912388322699119e-01
6.922542806714773178e-01
7.070245707455352635e-01
6.851495717867063240e-01
7.105234995102269746e-01
7.371260737443071642e-01
7.133814136728516830e-01
7.311164525488756949e-01
8.250534188830189741e-01
7.740384601215776206e-01
6.864049126290613367e-01
7.067040552854793045e-01
7.726495712040325481e-01
7.660790637740466646e-01
7.939102558626067729e-01
7.702991458563466232e-01
7.162126012655914975e-01
7.649839736967005699e-01
7.992788421579151148e-01
7.652777765169102020e-01
7.907318373839569148e-01
7.908920937209811264e-01
7.546474294116098935e-01
7.917468006857948382e-01
8.045940139195603136e-01
8.029914477633105507e-01
7.037126097637109723e-01
7.085203002724382859e-01
7.129273529236132001e-01
7.373931591486574399e-01
7.444978652474207870e-01
7.204059858320869258e-01
7.477831199574163090e-01
7.404647417939625997e-01
7.167467975463622798e-01
7.073183707797374709e-01
7.719551313222727806e-01
7.314636786587727091e-01
7.290064158857376686e-01
6.808760692007265192e-01
7.923878236458850033e-01
7.654647415137697530e-01
8.184294841833348322e-01
7.480502188938040753e-01
7.447115436801289290e-01
7.629807700808994841e-01
8.016292754656229036e-01
7.868055529478523713e-01
8.057158186267583400e-01
7.870726487002310812e-01
7.487179461357176269e-01
8.014423084787579699e-01
8.173878201816835443e-01
7.983974396673023666e-01
7.289529985660672118e-01
7.912660280927124035e-01
7.300480786933858379e-01
7.235576956509015556e-01
7.246794808560456103e-01
7.201923018273634902e-01
6.987179518701173153e-01
7.162927387871294016e-01
7.310897454810447726e-01
7.075854657361140276e-01
6.967681659719883180e-01
8.092681639151185768e-01
7.851495734519428060e-01
8.230769271110620622e-01
7.480769239716295038e-01
7.468482890031021837e-01
7.047542713773555789e-01
7.408653788555127351e-01
7.356837575570639443e-01
7.973023491919550843e-01
7.418803449433583053e-01
7.367788460424058439e-01
7.490918856814631210e-01
8.193643199136624311e-01
7.407318383423436847e-01
7.600694481506307110e-01
7.866453005908391471e-01
7.471955167050035040e-01
7.903044860905561464e-01
7.484775630231850219e-01
7.504006490175031407e-01
7.823985062666937162e-01
7.413194435847620944e-01
8.002937994897365570e-01
7.387019264647084471e-01
7.294871805187983504e-01
7.459401690966298570e-01
8.258279938983100754e-01
7.669070477509855044e-01
7.767628202389957881e-01
7.919337640906501941e-01
8.147970073434530613e-01
7.852296982374455947e-01
7.797275654589518323e-01
7.359241478336163711e-01
7.353632440870134790e-01
7.464476479615409499e-01
8.141826950332038404e-01
7.771634600865535702e-01
7.284455193031547093e-01
7.356837591490684725e-01
7.332264979680379602e-01
7.324252150889135615e-01
7.233173061703515039e-01
7.010416661699613305e-01
7.208600561333518009e-01
7.217414574299612084e-01
6.977831244978129899e-01
7.317574711309539071e-01
7.204059798620703337e-01
7.302884578259072335e-01
7.239583327124516909e-01
7.051282053510856684e-01
6.845352558944469701e-01
7.066239316939797455e-01
7.311431651887220218e-01
7.200587617121956274e-01
7.306891048374848374e-01
7.184294876921124562e-01
7.254540562693378991e-01
7.619925206129112283e-01
7.268963617105513864e-01
7.118589723021047089e-01
7.143429512969958761e-01
6.756944439222669629e-01
7.228365367612776815e-01
7.442040520791823877e-01
8.095352517074753118e-01
7.693643188820434853e-01
7.339209350637899698e-01
7.103899613850646055e-01
7.433493598404092850e-01
7.262553359644534634e-01
7.254273527835168878e-01
7.095352572062586516e-01
7.186431581647986233e-01
7.239316252466195811e-01
7.169070495053743164e-01
7.184829046137821695e-01
8.106036327269849906e-01
7.286057633021447710e-01
7.136752188810679964e-01
7.286858992316783690e-01
7.053151743279562069e-01
7.373130315771470045e-01
7.131677312601324426e-01
7.438034185996420522e-01
7.291132425650572735e-01
7.395833369153432812e-01
7.277510646953542217e-01
7.330395301851706513e-01
8.170138925759711235e-01
7.100427404491819194e-01
7.247596080295549692e-01
6.922542707214498492e-01
7.225694406108977841e-01
7.291666650587420584e-01
7.498931554265511057e-01
8.060363265247936226e-01
