5.547275651946790287e-01
4.569177401021249918e-01
5.654914587831649797e-01
4.411324783682059048e-01
4.592147345981026918e-01
4.649305533713254945e-01
4.761217942732011155e-01
5.407051351080592871e-01
4.955128233911644253e-01
4.946848195141706483e-01
5.656250044703483582e-01
5.650373932579133562e-01
5.535790641656798128e-01
5.250801364771829904e-01
5.254807691607210618e-01
5.852029938091578565e-01
5.787393238045210886e-01
5.258279893006014838e-01
5.315705219076739541e-01
5.332532052874056072e-01
4.969551324143878235e-01
5.400640938399183799e-01
5.101762800198843539e-01
5.237713671711266006e-01
5.348557583096190671e-01
5.441239319232284988e-01
5.648237199992196533e-01
5.653044806522691257e-01
5.521100381245980238e-01
5.945779980820977695e-01
5.645833392746937296e-01
5.812767097710543895e-01
5.821046985240063698e-01
5.877670936095409360e-01
6.021100479122409865e-01
6.178151721246221140e-01
6.361912443087650582e-01
6.377403895633343422e-01
6.305021330013743652e-01
6.492254245293954673e-01
6.292735036048624497e-01
6.475694430434805193e-01
6.661858991361579996e-01
6.664262822486906046e-01
6.663194452213425656e-01
6.780181606101175484e-01
6.778846153209351355e-01
6.434829078423670579e-01
6.895566120998470883e-01
6.760416664501540662e-01
6.969551277848389237e-01
7.094017111210740856e-01
7.187499975801533436e-01
7.080929529590485050e-01
7.002403801068280975e-01
7.305021326766054646e-01
7.312500006240656436e-01
7.377670903363797716e-01
7.115384584340529450e-01
7.449519255986580824e-01
7.491185847892720684e-01
7.508012888650608119e-01
7.606837708089085881e-01
7.035523498446767388e-01
7.456463658784189263e-01
7.250000062661292599e-01
7.489583336262621849e-01
7.698717917769384300e-01
7.435630402631229208e-01
7.758814062063510431e-01
7.601495673641180950e-01
7.875534268653291425e-01
7.920405979339892877e-01
7.935630365187287261e-01
7.960470075535975853e-01
7.958066244410653134e-01
8.080128310327855390e-01
8.038194468642910762e-01
8.128205139794920653e-01
8.132211514390430551e-01
7.908119701294817894e-01
8.013888859850728519e-01
8.307158072025347950e-01
8.269497886554807442e-01
8.288995785336208399e-01
7.989850468997262700e-01
8.234775633766100444e-01
8.407051333377504321e-01
8.358974360630042622e-01
8.459935904695436992e-01
8.461271405347391417e-01
8.461538416325535827e-01
8.585202930192661341e-01
8.634615419512121637e-01
8.622329109626957200e-01
8.646100425822101920e-01
8.780181647365927766e-01
8.701121896887435980e-01
8.772970010709559840e-01
8.787393045221638666e-01
8.824786331154342855e-01
8.836271321544280077e-01
8.842147457548694689e-01
8.871794846068079554e-01
8.941239351645493549e-01
8.950854644306702745e-01
8.995192364877104829e-01
9.008547021155682843e-01
9.073717918278824124e-01
9.088408075209357673e-01
9.022970214868203387e-01
9.142093934182426995e-01
9.101495672749656540e-01
9.168002134204930043e-01
9.275908176588195664e-01
9.216346197530753681e-01
9.284455186536169080e-01
9.147703011448566901e-01
9.244925239656723859e-01
9.269230784768730524e-01
9.172008588400661910e-01
9.431891000678396253e-01
9.255341867733205552e-01
9.369390945658723213e-01
9.368856907782391330e-01
9.405715821517838249e-01
9.418536360319863521e-01
9.325854624183768093e-01
9.381944377962339043e-01
9.451923096536569702e-01
9.386217906816392009e-01
9.435897502634260636e-01
9.405982943936291862e-01
9.436164561372537563e-01
9.377136715711691384e-01
9.420940286965451271e-01
9.561965831706665808e-01
9.555822621043930098e-01
9.408653897480068196e-01
9.564102635933802166e-01
9.486645381165365043e-01
9.488782105792281651e-01
9.443376070668554334e-01
9.627670957746666813e-01
9.533386789580695631e-01
9.729433757627111712e-01
9.512820496645746360e-01
9.534455135974109208e-01
9.444711443960156494e-01
9.397168795649821771e-01
9.338141045509240623e-01
9.436164481772315593e-01
9.365384634743387782e-01
9.393429400192365719e-01
9.536324817782793062e-01
9.379273551778914975e-01
9.522702927645454452e-01
9.410256409110167031e-01
9.426549141350972771e-01
9.366452933376671064e-01
9.476762886485483595e-01
9.475961566990257490e-01
9.546207216942411700e-01
9.647168697327628273e-01
9.505608939589598183e-01
9.545940174124178945e-01
9.530715820116875125e-01
9.423878187807195328e-01
9.632211529418952534e-01
9.572382507543277796e-01
9.533119603482066440e-01
9.676816197287322341e-01
9.660256390388195502e-01
9.524572641294226649e-01
9.532852624344009262e-01
9.593750040373231203e-01
9.480235127684397689e-01
9.695245654155044690e-01
9.655448712217502560e-01
9.732104758931020561e-01
9.743856935419586973e-01
9.715277829613440108e-01
9.563034162180036324e-01
9.700320470664234307e-01
9.732104743010976389e-01
9.614316253707958504e-01
9.651976598378939620e-01
9.569978660497908685e-01
9.781784227388534703e-01
9.593750024453187031e-01
9.693376099706714211e-01
9.541132480033441832e-01
9.598290643885603046e-01
9.608974362540448899e-01
9.492254187790756248e-01
9.662393162775242406e-01
9.422275596576878964e-01
9.685096164417060782e-01
9.436431588270723925e-01
9.628739320060125673e-01
9.768162385011329718e-01
9.690438007824440092e-01
9.730769146838758044e-01
9.757211464337813833e-01
9.676014989232405439e-01
9.813835526633464257e-01
9.762820605284128206e-01
9.784188058513861863e-01
9.827457305330496995e-01
9.727564075818428968e-01
9.793803494455467495e-01
9.783653925117262729e-01
9.884615373662393178e-01
9.796207373340923841e-01
9.687767022440576525e-01
9.778846135506261694e-01
9.796207293740704092e-01
9.865651767478029743e-01
9.859508588655381267e-01
9.862446569097348403e-01
9.775908091384121201e-01
9.730502167700700866e-01
9.754540638154386434e-01
9.864049096647490300e-01
9.869123897236635745e-01
9.851228621525642826e-01
9.844551309306397435e-01
9.883814070087213466e-01
9.858974375658564604e-01
9.889423083673175574e-01
9.794604686590340226e-01
9.852564154017685594e-01
9.740918923137533714e-01
9.830128163354008297e-01
9.801014940071308690e-01
9.765224340889188115e-01
9.759615359143314350e-01
9.888354673599586420e-01
9.725694425849832347e-01
9.752403849847295358e-01
9.827724300388598344e-01
9.733440227742886641e-01
9.817841917149021658e-01
9.840811977529118071e-01
9.804220122531948078e-01
9.834401708128105435e-01
9.932959373308043460e-01
9.829326955299091395e-01
9.847489289748363461e-01
9.813301345476737048e-01
9.750534199878699848e-01
9.803685877695043072e-01
9.841079084027526402e-01
9.732104743010975278e-01
9.702724397309823168e-01
9.856036331536421891e-01
9.710737146500847405e-01
9.733173057564303843e-01
9.725694473609964863e-01
9.725694346249611488e-01
9.760950843875224603e-01
9.740117524042088970e-01
9.650106836970034907e-01
9.791933828566827813e-01
9.716613282505262017e-01
9.860309892230563200e-01
9.759882529321897149e-01
9.810897402911104015e-01
9.824519372648662374e-01
9.858707205479979585e-01
9.874198713745825362e-01
9.764957186630647268e-01
9.848824806320359837e-01
9.854166633807697195e-01
9.834668830546557938e-01
9.875534134797561148e-01
9.810096147096054597e-01
9.823183712796268452e-01
9.855769320558278590e-01
9.839476524637295052e-01
9.832265063101408575e-01
9.835737192860014577e-01
9.875000033241051467e-01
9.827190230672175897e-01
9.845619655699811013e-01
9.838408178243880364e-01
9.868055630443441917e-01
9.794337627852065520e-01
9.871527760202049029e-01
9.690170965006208448e-01
9.752938015083980616e-01
9.809027737022464333e-01
9.751869652770523977e-01
9.665064132239065131e-01
9.811164525329556518e-01
9.664529935162290419e-01
9.782051286126811629e-01
9.725160165092883169e-01
9.724626031696285144e-01
9.742254328269224217e-01
9.789797072099823971e-01
9.760683721456772100e-01
9.810363221754374585e-01
9.766292719122692256e-01
9.838408162323837303e-01
9.814102521691565606e-01
9.797008517715666276e-01
9.775640968965668698e-01
9.924679549458699235e-01
9.810363253594462929e-01
9.842414441399083280e-01
9.809027657422244584e-01
9.744390957375876905e-01
9.771100413213427149e-01
9.789529854161107547e-01
9.726762835923423722e-01
9.697115479244126091e-01
9.731303439435794456e-01
9.740918811697225621e-01
9.690972252661346209e-01
9.676549154469091807e-01
9.689102586772706527e-01
9.765758553886004778e-01
9.740384630540497302e-01
9.754807680972620298e-01
9.774305516073845679e-01
9.675213606057002647e-01
9.783386818618855507e-01
9.797275656054161841e-01
9.763621829259089280e-01
9.830395269852417739e-01
9.892895261191914091e-01
9.794337596011976066e-01
9.719017049950412490e-01
9.901709409478383073e-01
9.768429491509738050e-01
9.791132493151558647e-01
9.845886650757910141e-01
9.856303485794963848e-01
9.900908217343509232e-01
9.651442369462078785e-01
9.753472244000842561e-01
9.799946529997718425e-01
9.814102521691566716e-01
9.802884685560169231e-01
9.826923044573545596e-01
9.889690158331495562e-01
9.812232951323189845e-01
9.873130271832146754e-01
9.833066143795975433e-01
9.868055598603353573e-01
9.891025611223318581e-01
9.865651656037719430e-01
9.935096066094870615e-01
9.834668926066822969e-01
9.806089692900323840e-01
9.835737192860016798e-01
9.746794963621683294e-01
9.897168790045965947e-01
9.881143116543434912e-01
9.838942295720434217e-01
9.833600420472967674e-01
9.788194449029414823e-01
9.842681531977449660e-01
9.806623969577318300e-01
9.837873917486931186e-01
9.798343891007268436e-01
9.814636671008206692e-01
9.831196541587511328e-01
9.723557780823135488e-01
9.805021330586864980e-01
9.725961532348239569e-01
9.759882513401854087e-01
9.876602624471370051e-01
9.760149524379999608e-01
9.649572687653393821e-01
9.748664533990061276e-01
9.864049176247708939e-01
9.823183744636354575e-01
9.803952904593230544e-01
9.783119680280358832e-01
9.857905997425062683e-01
9.858173088003427953e-01
9.865117474880992221e-01
9.822649674919934348e-01
9.854433756226146368e-01
9.808493460345470982e-01
9.865384533619269147e-01
9.935630358691907027e-01
9.884348203483809270e-01
9.834668926066820749e-01
9.859775599633525678e-01
9.791399520049746119e-01
9.766826995799684497e-01
9.889423035913043059e-01
9.822649579399669317e-01
9.780181620238173057e-01
9.884348219403853442e-01
9.897168853726142634e-01
9.912126196755304264e-01
9.770032066820013572e-01
9.781249950711543573e-01
9.865651783398072805e-01
9.835470054521519012e-01
9.762286408207355715e-01
9.825320501103359527e-01
9.843750085331434141e-01
9.711805540654394608e-01
9.911057675241405907e-01
9.930822680521214085e-01
9.916132523590681647e-01
9.854433676625927729e-01
9.917468024242637181e-01
9.832532089999597158e-01
9.861912308340399225e-01
9.811431520387656757e-01
9.815170915845113919e-01
9.754006377397439476e-01
9.858440146741703769e-01
9.757211607618209159e-01
9.849893184553863978e-01
9.872596106595462606e-01
9.842147446340985262e-01
9.885950778794083682e-01
9.849358939716956751e-01
9.788194433109371762e-01
9.804487149430135551e-01
9.845352501441269055e-01
9.760950859795267665e-01
9.807692188610377393e-01
9.909455084011085102e-01
9.820512822932665475e-01
9.757745756934850245e-01
9.890491541506896134e-01
9.907318327544081260e-01
9.740384566860320614e-01
9.801014971911398144e-01
9.752938015083981727e-01
9.790063971637660289e-01
9.780982796453003836e-01
9.844818383964717423e-01
9.794070537273700250e-01
9.786057772162632951e-01
9.743589733400914721e-01
9.867521385606536910e-01
9.778311970269577547e-01
9.627136712909762917e-01
9.812232855802927034e-01
9.752136711508798683e-01
9.720085444103956362e-01
9.794871856768925245e-01
9.752403786167119781e-01
9.766025644464370048e-01
9.727297033000195103e-01
9.663461556928789609e-01
9.770299205158510247e-01
9.776175181962485361e-01
9.701655971316188731e-01
9.693376004186450290e-01
9.760950907555399070e-01
9.776175229722617877e-01
9.705128148834929469e-01
9.762019206188682352e-01
9.700854651820964847e-01
9.731570545934202787e-01
9.786324735380643736e-01
9.781250093991940009e-01
9.786591905559228755e-01
9.773771382677247654e-01
9.674412398002085745e-01
9.836805523333386203e-01
9.712339769571254333e-01
9.849091865058638984e-01
9.762553355505323438e-01
9.711805492894260983e-01
9.790865418493237549e-01
9.735042787133117992e-01
9.831463648085918550e-01
9.774305611594110710e-01
9.743322658742593623e-01
9.751869652770521757e-01
9.842681659337801925e-01
9.756944453359669422e-01
9.779914434139544976e-01
9.839209465899019236e-01
9.885683735975852038e-01
9.857905933744887106e-01
9.725160340213367949e-01
9.693910264943399469e-01
9.826388895256905620e-01
9.748664565830147399e-01
9.841079179547789213e-01
9.814369739630283140e-01
9.810897450671235420e-01
9.858707221400023757e-01
9.786591969239405442e-01
9.785523495485639600e-01
9.758012815673126061e-01
9.899839727669699219e-01
9.822115366402852654e-01
