4.970886753155634441e-01
5.251602521086605746e-01
5.143162405006905802e-01
5.200587615657310536e-01
5.042200864921522196e-01
5.038461513244189005e-01
5.038194398785758032e-01
4.964209432976368075e-01
5.088141061301924006e-01
5.038728631682630743e-01
5.127938039059567465e-01
5.155715841290532397e-01
5.203792654837553489e-01
5.298611091720497601e-01
5.167735092437419908e-01
5.955128238623977888e-01
5.071314112084288617e-01
5.093215802190904640e-01
5.207799120973317653e-01
5.756677296171839320e-01
5.531784171541022088e-01
6.322649531066417694e-01
6.350961514454110945e-01
6.652510653958361164e-01
6.070779891859771071e-01
5.854166686598561986e-01
5.946314130137618781e-01
5.969284150717605320e-01
5.838140997175986779e-01
6.142361137984144737e-01
6.194978642603780061e-01
6.387286334593070825e-01
6.545405946990363599e-01
6.515224345474162071e-01
6.752938096467245854e-01
6.782852567604974459e-01
6.700854677484076038e-01
6.498397384316492165e-01
6.692574718314358018e-01
6.841079030090416735e-01
6.712873920670940908e-01
6.789262821085941813e-01
7.166666679848463506e-01
7.132211533558163730e-01
6.926816228108528817e-01
7.005341924790642327e-01
7.121527767143188692e-01
7.191773464855475417e-01
7.158119653980445918e-01
7.221153890156847277e-01
7.271634614429414167e-01
7.379273526434204644e-01
7.240384674479818372e-01
7.280448706995725772e-01
7.333867491310479547e-01
7.544604695887646706e-01
7.577991440064377748e-01
7.608173057500622338e-01
7.424946604376164716e-01
7.404647481619802685e-01
7.463942250698549774e-01
7.380074758369188359e-01
7.428151699276561715e-01
7.291666622727344116e-01
7.420406000863792872e-01
7.284722259729844440e-01
7.248664601809448049e-01
6.965277772874403084e-01
7.306890992654694328e-01
7.312232851982115589e-01
7.118322696122857396e-01
7.685897466527600308e-01
7.298343990666742442e-01
7.485309767608459008e-01
7.661057724338820041e-01
7.645299141414654276e-01
7.724091904795067354e-01
7.658920951951770917e-01
7.692841901165297092e-01
7.923076909003603507e-01
7.632478610572651645e-01
7.674946593614215828e-01
7.293269182117576577e-01
7.628205105598664382e-01
7.770566230592055312e-01
7.548344043584970242e-01
7.446848270602715036e-01
7.688034199114537337e-01
7.658386778755064128e-01
7.583600405890207341e-01
7.392361036414263342e-01
7.857905916360198306e-01
7.579861113913038961e-01
7.565438031640827621e-01
7.551014989168726155e-01
7.497329090395543627e-01
7.437499957079560797e-01
7.555555544920966593e-01
7.561431625205226048e-01
7.549679472596726448e-01
7.483173106661719087e-01
7.457799119636034924e-01
7.174145247882757204e-01
7.263354750779957847e-01
7.435363296132820876e-01
7.020833369376311417e-01
7.162126012655913865e-01
7.248130285332344824e-01
7.052350383984227200e-01
7.159989295989019897e-01
7.199786373246939153e-01
7.419604681368567878e-01
7.813568402750368236e-01
7.591613274481561202e-01
7.911859056952161851e-01
7.819978616431226826e-01
7.244925214312014639e-01
7.716613249200530156e-01
7.399572712870744473e-01
7.969017141204104426e-01
7.914262800517246621e-01
7.171474389859244791e-01
7.595085459960321250e-01
7.717414457255448168e-01
7.723557675878206519e-01
7.388354717538906380e-01
7.392628214552869892e-01
7.427350419581445484e-01
7.392094065236229916e-01
7.392895360851390318e-01
7.068643156025145036e-01
7.544871810346077678e-01
7.365918718915210883e-01
7.731570496709427864e-01
7.384348295183262856e-01
7.651709371015557037e-01
7.661591802015264019e-01
7.672809813267145174e-01
7.547809782828021063e-01
7.806623888512452814e-01
7.339209430238120557e-01
7.286591877858352717e-01
7.382745727833009974e-01
7.550480680651643350e-01
7.270299185417654630e-01
7.349626066274622671e-01
7.386217976991946710e-01
7.430021365165201397e-01
7.340811965748285095e-01
7.300747766071913336e-01
7.336805535432620040e-01
7.893429508544185236e-01
7.568910272839741715e-01
7.552884670977408899e-01
7.378739321397409512e-01
7.621260686881011770e-01
7.882745769989286666e-01
7.463675199920295489e-01
7.930021391401433917e-01
7.656517065106295261e-01
7.117254301969311303e-01
7.315972279279659984e-01
7.725427413407044419e-01
7.766292709698024987e-01
7.506410289460266894e-01
7.194978663236157868e-01
7.540331174993615271e-01
7.414797035037961059e-01
7.719551309242717041e-01
7.759081216322051278e-01
7.361378195003056568e-01
7.366185889093794792e-01
7.365918838315539396e-01
7.108173134744676380e-01
7.598023527962529666e-01
7.622329033274426457e-01
7.368055594782543238e-01
7.236645310862451774e-01
7.337339692709282657e-01
7.200320538483623301e-01
7.079594020978506874e-01
7.314369664169273477e-01
7.518429453046913125e-01
7.660256420763638108e-01
7.248130412692694868e-01
7.604967938720160747e-01
7.618055528300440304e-01
7.838942278335746527e-01
7.284455081591240111e-01
7.084668845447720242e-01
6.971688042275416830e-01
7.233707258780287530e-01
6.804487151213181040e-01
7.340010670133125803e-01
7.038728613247219323e-01
7.482638917544968127e-01
7.735576934985115560e-01
7.423344029065890304e-01
7.522970056559286078e-01
7.827991461142514984e-01
7.390491442165821878e-01
7.196047041469659789e-01
7.538194450366700883e-01
7.196581182826278233e-01
7.244123910736832705e-01
7.286324779319967027e-01
7.362980722553199575e-01
7.404113244742918098e-01
7.368322653520819054e-01
7.350160271311416693e-01
7.563301267213800028e-01
7.457799183316209390e-01
7.388354717538906380e-01
7.388354701618862208e-01
7.553953017370822476e-01
7.667467930059657100e-01
7.572649604617021080e-01
7.758279864986736829e-01
7.508012824970433652e-01
7.764690174187859339e-01
7.903044908665693979e-01
7.438568351233106890e-01
7.268162452830717601e-01
7.543803400272487414e-01
7.556089821597958833e-01
7.897970076236460191e-01
7.745192323166590898e-01
7.944978607070242171e-01
7.645031987156113429e-01
7.700587615498111216e-01
7.333600360932004403e-01
7.267628192073769533e-01
6.793269283241695211e-01
6.901442360483173166e-01
6.951656029997471675e-01
6.960470110623754314e-01
7.235042727592153611e-01
7.187499999681599139e-01
7.354433776285402846e-01
7.885149593154587855e-01
7.383012850251462478e-01
7.615918859393677742e-01
7.840010696369357213e-01
7.888087581556576522e-01
7.998397415265058319e-01
7.113782084650462911e-01
7.168536353697123609e-01
7.279914517878975921e-01
7.510950749692243411e-01
7.454326981917406281e-01
7.474358990215337339e-01
8.433226424977819935e-01
8.136218000426251873e-01
8.124465792097596006e-01
8.281249999363197167e-01
7.516025701521807934e-01
7.429487199928515029e-01
7.894497874837654861e-01
8.098290565176905487e-01
7.196848321164774909e-01
7.465010700572249913e-01
7.234775573333613874e-01
7.393162403669621963e-01
7.186164554749797651e-01
7.407051233144906766e-01
7.427617502199789223e-01
7.363514967390104582e-01
7.488782128207702726e-01
7.690438070039973262e-01
7.679754315565028300e-01
7.428151778876781464e-01
8.077190099045250538e-01
7.199519282668573883e-01
7.613515004388287100e-01
7.691239373615155195e-01
7.518162402268657729e-01
7.336805535432620040e-01
7.828258575600945957e-01
7.363782010208337336e-01
7.395833349253376765e-01
7.377670951123930232e-01
8.091880383336136351e-01
7.543002120577372294e-01
7.117254238289134616e-01
7.457532037017692295e-01
7.342948682415180173e-01
7.960202897397370414e-01
7.322115410342175945e-01
7.665331197472718960e-01
7.373130323731491576e-01
8.033653841250473215e-01
8.152777855085512337e-01
7.668002166936539465e-01
7.119123999698039329e-01
7.731837603207836196e-01
8.020299073531587108e-01
7.253472224259986945e-01
7.393696632586481687e-01
8.018963652479851323e-01
8.057425205205750451e-01
7.514423086411423647e-01
7.153846109206351001e-01
7.038728645087307667e-01
7.183760640044243306e-01
7.157852567382091413e-01
7.203258586585776779e-01
6.966079064509552721e-01
7.251869700689854703e-01
7.349893140932941549e-01
7.828792693077498699e-01
7.598290542920684842e-01
7.743856862314746348e-01
7.869925255067327097e-01
7.635683725373101360e-01
7.623397339867729050e-01
7.771367534167235025e-01
7.376335506192129854e-01
7.380876081844425229e-01
7.175747827173043492e-01
7.342681623676903246e-01
7.304754311807899469e-01
7.344551269665489102e-01
7.368055606722576645e-01
7.340010630333015929e-01
7.242521430946823324e-01
7.209401709688270099e-01
7.181891033855768436e-01
7.020032033961043361e-01
7.358440198641047481e-01
7.411057687340638633e-01
7.243322662881805929e-01
7.279914517878975921e-01
7.234775688753932732e-01
7.303685933574396438e-01
7.450587582479938353e-01
7.320245668833326169e-01
7.867254277643485061e-01
7.495192361788616253e-01
7.814636792923903563e-01
7.754273458551137477e-01
7.495192353828593612e-01
7.477029892018972612e-01
7.571581198523440470e-01
7.575053387982213504e-01
7.434294874119198315e-01
7.825587622057168513e-01
7.711805511329673513e-01
7.897168760721244851e-01
7.968750026745674564e-01
7.985042751026459884e-01
7.876602575246594018e-01
7.455929537327624645e-01
7.478098254332429251e-01
7.357905973704197411e-01
7.054754298689782654e-01
7.396367534390116960e-01
7.481570507471377862e-01
7.112179497400155093e-01
7.157318386225364204e-01
7.118322684182825100e-01
7.150106825189203041e-01
7.219818325824717276e-01
7.385950926213691314e-01
8.079861132189247730e-01
7.932692289225056204e-01
8.114316198879326647e-01
7.243322591241607711e-01
7.419871740106842584e-01
7.915064088172383272e-01
7.167735050121942786e-01
7.369123933215936395e-01
7.258279830790481668e-01
7.266025592883428308e-01
7.384348303143285497e-01
7.997596127609920558e-01
7.549145339200129534e-01
7.696047035865803965e-01
7.863514941886193821e-01
7.908653830711402932e-01
7.769497828478487689e-01
7.231570494353261047e-01
7.171474421699333135e-01
7.325053482324392906e-01
7.650106843465414030e-01
7.448984999209641300e-01
7.491987191268012491e-01
7.593482892610068369e-01
7.909722165164784213e-01
7.635950867691609911e-01
7.179220020611826181e-01
7.258012752152152025e-01
7.118055573704403782e-01
7.146100458553713564e-01
7.289796984698782012e-01
7.149038490735821760e-01
7.122329050818314577e-01
7.404113244742919209e-01
7.290865398752383042e-01
7.152510704074659387e-01
7.123130326533420043e-01
7.071848286745640033e-01
7.225160248832315224e-01
7.672809837147211987e-01
6.954861093057781440e-01
7.618055580040583585e-01
8.046474364132452095e-01
7.486912386698855171e-01
7.360309836669609584e-01
7.422809800149028359e-01
7.410256387745468576e-01
7.702457265466706726e-01
7.781784142343661781e-01
7.857371814803690846e-01
7.861912354635887112e-01
7.837339746805591645e-01
7.623130384609739796e-01
7.275373922326626719e-01
7.841079050722793431e-01
7.670673036900086394e-01
7.862713662191079811e-01
8.062767100353270822e-01
7.849626036790700034e-01
7.434561944797507538e-01
7.363782057968469852e-01
7.532318413862559847e-01
7.947916655172393430e-01
7.573450880332126545e-01
7.415064137556359736e-01
7.354967997242242150e-01
7.470619702218179725e-01
7.481036425814923119e-01
7.264690147951627930e-01
7.245459423328821646e-01
7.179220108172068571e-01
7.064636733669500401e-01
7.160523512965848436e-01
7.257745681473841692e-01
7.005074810332212465e-01
7.176816217346577709e-01
7.047008588336980406e-01
7.269230755444010539e-01
7.139423030914149315e-01
7.004807679953738431e-01
7.278311958488745681e-01
7.276175277641949712e-01
7.270299253077843193e-01
7.261485041111197525e-01
7.260416666857707479e-01
7.276709387158482034e-01
7.232104611829813789e-01
7.293002079599177900e-01
7.088141062766567524e-01
6.838675230805182359e-01
7.250534275658110372e-01
7.244658044133430730e-01
6.978098303716406825e-01
7.117788475166018092e-01
7.720619719316306195e-01
7.983173045337708107e-01
7.204326968799289466e-01
7.211805584593714569e-01
7.124198601286635402e-01
7.147970032902100090e-01
7.202190116812020593e-01
7.283119557059218874e-01
7.360844069566481185e-01
7.228365319852645410e-01
7.807959381204383487e-01
7.687232879619313453e-01
8.043002043333317141e-01
7.211538470135284706e-01
6.775908077247122518e-01
6.853098305117371059e-01
7.050480781775763095e-01
7.121794857721552852e-01
7.126068394535627348e-01
7.448183787174713633e-01
7.210470195382069347e-01
7.264690155911649461e-01
7.350694452468147233e-01
7.342948722215288937e-01
7.864049198663133344e-01
6.989850336924576801e-01
7.221153874236803105e-01
7.221420932975080031e-01
7.767895356648497618e-01
7.582264945038362791e-01
7.299412392780311176e-01
8.058760705857703766e-01
7.596688059150663586e-01
7.576923061830873607e-01
7.968482904327220950e-01
7.294337536471011685e-01
6.994658118575557415e-01
7.312232871882171636e-01
7.279914541759042734e-01
7.307425253411643506e-01
7.279380328762226071e-01
7.486378169722026632e-01
7.371260657842851893e-01
