8.123931650740977561e-01
8.340010714645567091e-01
7.283119644619460153e-01
7.104433735307209563e-01
7.105502165280855875e-01
7.161057638402423819e-01
7.093482914133968364e-01
7.311965797223849428e-01
7.228365423332930861e-01
7.330128227193385415e-01
6.492788454310760571e-01
6.600427370295565144e-01
6.683226476431403107e-01
6.209935890112676660e-01
6.259615462050478474e-01
6.948717958015253604e-01
7.295673132643230030e-01
7.249999991021094381e-01
7.614316244283292345e-01
7.266559813840265392e-01
7.563034200515502681e-01
7.267361077615337450e-01
7.255609012567079130e-01
7.773237192095854287e-01
6.397436007411561043e-01
6.610576824213448832e-01
6.604433752851098793e-01
6.538461528272709877e-01
6.642895321497040984e-01
6.555288385950092112e-01
6.652777704736615449e-01
6.432692337876710909e-01
6.677083281688709349e-01
6.516025672929408596e-01
6.633279925355543005e-01
6.666933776030683489e-01
6.736645276666196613e-01
6.432959388654965194e-01
6.616185873619511160e-01
6.641826895503406547e-01
6.700320567967544827e-01
6.604968013608047972e-01
6.699786323130639820e-01
6.951388847878855470e-01
6.816506394400047020e-01
6.628205124766397560e-01
7.258279902430680997e-01
7.363247813131564845e-01
6.745726491650964052e-01
6.592147419085868654e-01
6.747596109779472329e-01
6.759081147929542066e-01
6.629006364661405026e-01
6.748931562671294238e-01
6.939636655470245996e-01
6.572382477486233832e-01
6.883012768295074801e-01
6.705395336716603039e-01
6.836004249401327337e-01
6.695512814176642902e-01
6.610042750517017840e-01
6.619925197436766773e-01
6.461538502421133590e-01
6.740918881140458563e-01
6.607371777073185459e-01
6.813301347259781426e-01
6.733173067307370863e-01
6.870993572868342447e-01
6.796741476680479010e-01
6.646100364657293591e-01
6.619925213356812055e-01
6.823183690699247128e-01
6.682425204696308407e-01
6.559829124782839971e-01
6.730502097843549247e-01
6.575320561408487530e-01
6.691773510259440005e-01
6.604166630432646290e-01
6.585202968528127698e-01
6.744925239815926510e-01
6.585470126766679311e-01
6.522168823891978384e-01
6.724091848342590438e-01
6.335202979290077696e-01
6.564903885571874431e-01
6.656250025535750403e-01
6.542467926748287699e-01
6.512286357072173404e-01
6.770566253739798146e-01
7.600694457626240297e-01
7.519497914860645560e-01
7.486645248360359606e-01
6.903044860173238595e-01
6.142361130024123206e-01
7.377136730167090928e-01
7.545940156739491256e-01
7.510416672015801653e-01
6.604166702072843398e-01
7.536591958636656985e-01
7.494123915894927990e-01
7.524839726427935416e-01
6.363247848219342195e-01
6.582264960226085204e-01
6.560096171581082380e-01
6.529647411826329240e-01
6.735042749116054717e-01
6.733173051387326691e-01
7.517628241011983237e-01
7.491185899632862855e-01
7.559027786119880687e-01
6.569711500062391796e-01
7.494925147829911705e-01
7.573717970910489594e-01
7.509081203203933352e-01
7.318643121383128225e-01
7.420673039702014862e-01
7.418269220516722218e-01
7.520032072137308177e-01
6.635149535524029751e-01
6.571581142070965775e-01
6.662393160578277129e-01
6.586004256183264349e-01
7.035790616885209126e-01
6.686164524533554365e-01
6.467147412526810246e-01
6.592147423065879419e-01
6.674145285326700261e-01
6.581196566072540222e-01
6.396634632196182002e-01
6.534188086978900412e-01
6.355234983607999100e-01
6.710737207984058816e-01
6.611111069050354949e-01
6.366987255616829433e-01
6.872863206916893786e-01
6.418002101345957611e-01
6.216613269992108393e-01
6.510683753901821413e-01
7.002136782130115034e-01
6.424679517045489563e-01
6.215277825060306904e-01
6.426014985857355644e-01
6.388888874083248348e-01
6.442574804696516999e-01
6.405715811360849221e-01
6.416399573795815714e-01
6.347489328975350897e-01
6.419070539279626564e-01
6.430021364432877418e-01
6.436431598013793165e-01
6.251335510840781984e-01
6.316773506502311175e-01
6.435363275500444180e-01
6.367521432793548097e-01
6.269230814411854702e-01
6.856837593114528673e-01
6.210470059329373793e-01
6.183226466115213649e-01
6.421474306724774817e-01
6.846955170074844332e-01
6.847489375111639465e-01
6.391826886365302718e-01
6.446581227052160523e-01
6.344818411251672563e-01
6.266025659811292892e-01
6.466880381648610898e-01
6.473557717747921991e-01
6.569177386565849819e-01
6.423343988533458671e-01
6.112179508607866740e-01
6.130074744518750895e-01
6.679220117755935160e-01
6.671207229264525251e-01
6.758012881136348238e-01
6.769230757067854487e-01
6.764423098797217593e-01
6.677884637004034563e-01
6.529914538224792508e-01
6.577457305935457965e-01
6.510683749921810648e-01
6.594551270111248531e-01
6.601762807267343991e-01
6.514156030920835727e-01
6.090010696082797104e-01
5.940705160331776202e-01
6.664797007623646241e-01
6.552617547826634636e-01
6.646901680172508931e-01
6.033920942304226154e-01
5.932158134463760835e-01
5.940437974233148122e-01
6.006143175893359221e-01
6.066773533184303124e-01
5.825587656412622994e-01
6.126335520201767748e-01
5.740384675371341672e-01
6.573985068716554636e-01
6.422542752618463080e-01
6.846688039696368078e-01
6.823985034074537825e-01
6.837606892371788092e-01
6.581997829847610060e-01
6.567040538558593932e-01
6.545940136107113450e-01
6.569711512002425202e-01
6.813568425898114400e-01
6.694444416043086044e-01
6.603098264139177775e-01
6.610844014292089899e-01
6.275641059932800525e-01
6.293002130606999422e-01
6.003739304967925516e-01
5.779380385373901197e-01
5.694177304832344078e-01
5.851495744994817949e-01
5.881410236032599270e-01
5.921741486487225314e-01
5.784455158102970174e-01
5.919871876318740789e-01
5.739583328016037989e-01
5.868589729070663452e-01
5.644230757736496962e-01
6.015758540194768855e-01
6.015491525236613679e-01
6.003205171571328602e-01
5.897435913515141070e-01
5.916132496781328909e-01
6.014423027602781024e-01
6.385683783162863225e-01
5.820779966301895536e-01
5.928418794726459939e-01
5.980502205749607114e-01
5.912393093363851326e-01
6.004807691161448968e-01
5.784722228781280506e-01
5.945512810642392676e-01
6.055021332815671009e-01
6.073985038500311351e-01
6.137820506611695315e-01
6.069177380229673346e-01
6.163461516555558406e-01
5.995192302979974741e-01
6.125534168866455520e-01
6.169070478401377233e-01
6.384348290470929221e-01
6.145566264724630079e-01
5.932425181262003244e-01
6.017361111525032502e-01
6.049946560086602032e-01
6.013621879248027824e-01
6.034722241899397321e-01
5.968482914802609729e-01
6.223290645891529360e-01
6.209401712935959106e-01
6.192574823418488528e-01
6.404113271870673918e-01
6.458333284140397312e-01
6.575320557428476764e-01
6.583600433017963161e-01
6.816506430220146129e-01
6.755609014190925299e-01
6.791666715891442330e-01
6.938835483235425983e-01
6.923878199906430275e-01
6.888621845561214707e-01
6.754807674795642036e-01
7.026175220743713368e-01
7.184561915759346551e-01
7.214476514257426309e-01
7.133814172548615939e-01
7.093215767835449048e-01
7.223557729242193748e-01
7.099091840159688083e-01
7.314369664169274587e-01
7.262553415364688680e-01
7.279113214303795099e-01
7.355769300817424083e-01
7.500534272856180795e-01
7.568108985184602844e-01
7.442574853188971273e-01
7.648237105936575020e-01
7.640758482182128386e-01
7.772970053757357611e-01
7.703525572060009319e-01
7.740117514617422811e-01
7.837606809523879337e-01
7.754540612809678324e-01
8.031249986245081462e-01
7.947115355577223372e-01
8.229433734638568199e-01
8.114850459636276936e-01
8.345886898410115329e-01
8.472489305158965589e-01
8.326656018566880313e-01
8.545940241052044639e-01
8.423611140276631160e-01
8.609775812643715165e-01
8.523504314068546250e-01
8.566239228488033985e-01
8.564102615301425470e-01
8.611645319331914239e-01
8.594017110319218666e-01
8.645833383003869166e-01
8.470886801488888285e-01
8.691773503764061992e-01
8.687767089368442219e-01
8.676282067138414433e-01
8.470352564612004809e-01
8.724091949307511973e-01
8.780448674264117459e-01
8.776442355388759387e-01
8.895032028866629581e-01
8.809027732310130698e-01
8.914529959488118882e-01
8.875267111147060461e-01
8.951655916041798555e-01
8.648771411205967707e-01
8.763087659310071498e-01
8.815972214707959997e-01
8.763354606608040331e-01
9.177617538306448441e-01
9.168269240703338374e-01
9.042735140547790706e-01
8.866452954900569949e-01
9.099626038701105202e-01
8.991720107758146563e-01
8.958867584538254825e-01
8.633547025358574434e-01
8.723824691568684564e-01
8.620726486556550272e-01
8.804754219376124125e-01
8.724358984165720976e-01
8.919070467480225695e-01
8.864049187455421697e-01
8.809561977147037926e-01
8.905715779361560447e-01
8.952190208638834967e-01
8.845886773405930992e-01
8.807425236600077145e-01
8.830929430376770473e-01
8.704326920147633651e-01
8.918803456502083504e-01
8.876602603838993355e-01
8.890758547772708020e-01
8.803418766484301106e-01
8.547542792482253349e-01
8.627938043612699559e-01
8.629273496504521468e-01
8.702190084080411170e-01
8.918803408741949879e-01
8.856303481082630213e-01
9.010950804520875268e-01
8.963141033792085821e-01
8.888087514628711938e-01
8.812499957589001731e-01
8.901709388846005266e-01
8.914797034146439980e-01
8.901175239529364180e-01
8.967681573624284308e-01
8.851495691471628069e-01
8.885149581946877317e-01
8.561431629917560793e-01
8.518162446781100128e-01
8.983173002289910336e-01
8.852297106487119205e-01
8.895032076626760986e-01
8.744123925765354688e-01
9.030715793880641495e-01
9.100961507512972393e-01
8.888087641989063092e-01
8.911324729267349198e-01
8.942574756777184053e-01
9.044070561599526492e-01
8.904380390149914115e-01
8.726495676952549241e-01
8.914262789309532753e-01
8.898237195407223687e-01
8.630074752319570885e-01
8.908119578646798153e-01
9.166132468316290360e-01
9.110576927534533853e-01
9.046474376804807260e-01
9.044871801494533958e-01
8.873397373618223671e-01
8.908119642326973731e-01
8.620192321319865014e-01
8.686965857433457394e-01
8.862980729621698917e-01
8.939636776335218027e-01
8.902777751159464126e-01
8.907852567668653743e-01
8.774038420783147885e-01
8.833066202763817376e-01
8.754273526943646688e-01
8.828792721669896926e-01
8.950587633328559445e-01
8.774305511361512044e-01
8.806891119123524403e-01
8.818376061753330220e-01
8.930822659888836279e-01
8.891559835427845782e-01
8.696047000778026614e-01
8.889690185459250271e-01
8.700854647108631212e-01
9.049679447825137446e-01
8.979700872531304334e-01
8.949519286935145868e-01
8.934561927985940066e-01
8.726762831211090088e-01
8.949786377513508917e-01
8.977564131984343554e-01
8.961271399743534483e-01
8.971153846663286746e-01
8.631944418208210568e-01
8.826923023941168900e-01
8.550747895342671878e-01
8.841346138053469694e-01
8.753472223368464755e-01
8.911858974104251985e-01
9.041132421957120968e-01
8.679220119220578677e-01
9.021367544037663944e-01
8.889155940622345264e-01
9.019230739810526476e-01
8.735042782420785468e-01
9.113247865158267125e-01
8.777777768480471421e-01
8.879006450884362467e-01
8.671474333247566335e-01
8.608974310067983859e-01
8.857905913112509300e-01
9.044070497919350915e-01
8.975160269018931380e-01
8.986111078252139173e-01
8.881410266089642125e-01
8.967147519827907143e-01
8.778846114873884998e-01
8.896634620096948165e-01
9.064369732116022149e-01
8.741987217058482251e-01
8.910790611790795346e-01
8.976495801510973038e-01
8.985042684098593080e-01
8.930822596208660702e-01
8.999732888789258034e-01
8.625267169669142975e-01
8.853899618117218040e-01
8.879273509622638283e-01
8.646100457662191374e-01
8.907585493010333755e-01
8.745192319918900781e-01
9.059829096763560852e-01
8.641292715811321745e-01
8.943910289269226821e-01
8.987446610744181941e-01
8.843749953258750462e-01
8.912660213999257230e-01
8.666933761575281725e-01
9.035523535731511124e-01
8.690705157370648415e-01
8.869925132419307356e-01
8.650373938756110714e-01
8.582532135849324506e-01
8.784989230016356787e-01
9.063835566879336891e-01
9.017895366518925426e-01
8.897168753493543969e-01
8.584935919214516931e-01
8.761752094977939276e-01
8.798611104233651226e-01
9.036591818444748014e-01
8.962072639638540839e-01
8.946581195052871749e-01
8.992254272994832931e-01
8.932959416355842341e-01
8.768162396219039145e-01
8.709668779475057132e-01
8.764957309278667008e-01
8.868856865626114638e-01
8.973290539450115011e-01
8.910523521212430076e-01
9.027510722860311310e-01
8.448985047702096685e-01
8.791933776094362774e-01
8.642895307041639219e-01
8.760149647028017128e-01
8.844017091597247138e-01
8.829594041165123031e-01
8.911324792947523665e-01
8.925213662222918343e-01
8.901175128089056088e-01
9.048343947173183022e-01
8.891559739907582971e-01
8.923878161570965029e-01
8.795138831194649898e-01
8.848557711029663153e-01
8.829861052143266331e-01
8.903311995996368022e-01
8.750801237984598968e-01
9.020566304142657588e-01
