6.846955094454634239e-01
6.691506403761033894e-01
7.076923091314796244e-01
6.844818365847707975e-01
6.846955126294723692e-01
7.362980754393289029e-01
7.079059823901733273e-01
6.841346168428914520e-01
7.091079035248512019e-01
6.909989286850914958e-01
6.818108965730310667e-01
7.137286342107332926e-01
7.009348287446122150e-01
6.789796990302637836e-01
7.302884590199105741e-01
6.280181599764996792e-01
7.287927334730186502e-01
6.880876075508247647e-01
6.823450833017754569e-01
6.653846098890161542e-01
6.694177357304809117e-01
6.798611102769008818e-01
6.753739360242317913e-01
6.976495784126286459e-01
6.602564090942469877e-01
6.912927362813143795e-01
6.942040594055867153e-01
7.221688091213631644e-01
6.870726526070098927e-01
6.850160253035206814e-01
7.091079019328466737e-01
6.976228677627875907e-01
7.000534170999740402e-01
6.863782067552337551e-01
7.220619629399898098e-01
6.967147478563153751e-01
7.334935873523991123e-01
7.283920948194642087e-01
7.550747826950163777e-01
7.553151701855608247e-01
7.122061996060048417e-01
7.283920976054718555e-01
7.551282083727101080e-01
7.090811980490246969e-01
7.171741448597520607e-01
7.065972242281477467e-01
7.337873917646131616e-01
7.249198723266012667e-01
7.307959406708295358e-01
7.296207234199739711e-01
7.296474324778103870e-01
7.220352586581665344e-01
7.149839750530881943e-01
7.319444420978299393e-01
7.215544916370995043e-01
7.316239322097892739e-01
7.246527813502356974e-01
7.059027771823682684e-01
7.409455112030362001e-01
7.508012832930454072e-01
7.150373935667622138e-01
7.538194458326722414e-01
7.527510672011691328e-01
7.180288406805348522e-01
7.153044901151431878e-01
7.265758562005227850e-01
6.843750023434304053e-01
7.542200840882257173e-01
7.225961548427486392e-01
7.671207285717002167e-01
7.212339729930344889e-01
7.341346146905015635e-01
7.398237192318734001e-01
7.287927330750175736e-01
7.643162392907673075e-01
7.405715788213105277e-01
7.338141036084573354e-01
7.285790633983337816e-01
7.326121792897708485e-01
7.291933769025864542e-01
7.393963679384725207e-01
7.600160264529478571e-01
7.475427344568774668e-01
7.211805532853573508e-01
7.178418800616874762e-01
7.376602572890428311e-01
7.110309823551493880e-01
7.180822627762188937e-01
7.445779952069376817e-01
7.244391009275219506e-01
7.241987202029961379e-01
7.264957218629937152e-01
7.375801245435180675e-01
7.378472222859022711e-01
7.526976478914929602e-01
7.436164512147760419e-01
7.470352567859693815e-01
7.340811977688318501e-01
7.523504249656047804e-01
6.972489282170422076e-01
6.932692340232877726e-01
6.956196613609790802e-01
6.692574766074490533e-01
7.135149565740273037e-01
7.071314057828778088e-01
7.431089711558616084e-01
7.446848270602713926e-01
7.240384610799642795e-01
7.301549121387239660e-01
7.489316253644279220e-01
7.144230756844974772e-01
7.455662418889184018e-01
6.918269265920689026e-01
6.861378176726846689e-01
6.755341863912395217e-01
7.201923070013778183e-01
7.290331181775555613e-01
7.501602603329551311e-01
7.846420973730393600e-01
7.261752083929431389e-01
7.217948711676220874e-01
7.345886770317442416e-01
7.214209356018876917e-01
6.861378172746835924e-01
6.970085431145042199e-01
7.133012801313247664e-01
6.398771340903054439e-01
6.902510651156433807e-01
6.938568380717028417e-01
6.935630376394997798e-01
6.944711539639620845e-01
7.073183755557506114e-01
7.380074833989397343e-01
7.542200832922234532e-01
7.594017101626875377e-01
7.010149559181215739e-01
7.654113253881024148e-01
7.488514958029118818e-01
7.333600396752102402e-01
7.075320504064488425e-01
7.349893232473195814e-01
7.439636757326685279e-01
7.591880349139882300e-01
7.401175240420887480e-01
7.576388920474256272e-01
7.405181634916453426e-01
7.350427361889781963e-01
7.145833324195227654e-01
7.178418832456964216e-01
7.241987162229851505e-01
7.337072606110928152e-01
6.899038473637694180e-01
6.918803423197350533e-01
6.761485046715052238e-01
6.665598283338750596e-01
6.916132485573617261e-01
7.192307673872281315e-01
6.785790516206851031e-01
6.950587564203728475e-01
7.041666657369359816e-01
7.090544850111771824e-01
7.287927370550286721e-01
7.462339743048461704e-01
7.411324777919002793e-01
7.427884604718185679e-01
7.483707236078304126e-01
7.509081171363847229e-01
7.455662406949151721e-01
7.342681639596945198e-01
7.213141049425570994e-01
7.244123962476977097e-01
7.453258551943759969e-01
7.589209371716038044e-01
7.370459382127746428e-01
7.677083286401044093e-01
7.967681588812006721e-01
7.903579022162234846e-01
7.182692265790752151e-01
7.472756363164919646e-01
7.536591875056424250e-01
7.647702984480013733e-01
7.764957296606311843e-01
7.340010737793312146e-01
7.208867516591507263e-01
7.204059818520759384e-01
7.063301264857634321e-01
7.285790610103271003e-01
7.257745701373896630e-01
7.721420971151345958e-01
7.283386802858011766e-01
7.208600429993154979e-01
7.042735047542896254e-01
7.064636777449621041e-01
7.147702978143835040e-01
7.279113214303795099e-01
7.038728609267207448e-01
7.306623921976383995e-01
7.314102593490964255e-01
7.213942305240620412e-01
7.405715828013217372e-01
7.417467916941540285e-01
7.517895279850206336e-01
7.690438010339808450e-01
7.334935897404056826e-01
7.341613305143566137e-01
7.563301318953943309e-01
7.316239345977957331e-01
7.609775569130721173e-01
7.782585426018787667e-01
7.342414533098537976e-01
7.345085470722271248e-01
7.336004259717515685e-01
7.529113275182043319e-01
7.750534222294122033e-01
7.512820519061169655e-01
7.549412429778494804e-01
7.653579064764273188e-01
7.722756412103135570e-01
7.981036284890693500e-01
8.040598291808214171e-01
7.575053399922246911e-01
7.912660209286925816e-01
7.725961483123465756e-01
7.977296949133403370e-01
8.094551305039825451e-01
7.710737200756359044e-01
7.688835423089499521e-01
8.025106863142588143e-01
7.852296958494390244e-01
7.836004274013714799e-01
8.065438033996993328e-01
7.897435942839863277e-01
7.914262808477268152e-01
8.305288477776906486e-01
8.278311971161098626e-01
8.397970094512668959e-01
8.139423087366625120e-01
8.613247846882057246e-01
7.971955113686046701e-01
8.108440206155307362e-01
8.234775665606188788e-01
8.196046990461837156e-01
8.214209388591285910e-01
8.341880332774076479e-01
8.263888920728976739e-01
8.301549177839715465e-01
8.713141020673971227e-01
8.464743598786174106e-01
8.693108908895752496e-01
8.852029856708314437e-01
8.484241473687510471e-01
8.793002098607711758e-01
8.814903876274569061e-01
8.622596176325254547e-01
9.011485057317801806e-01
8.612713689605395739e-01
8.772970058469690136e-01
8.937232889489740151e-01
8.829861107863421488e-01
8.650106887977855319e-01
8.848290572691167588e-01
9.033653885762915614e-01
8.704861141104474065e-01
8.928151706345061056e-01
8.814636753856116558e-01
9.049412420926949974e-01
8.711271314985221670e-01
9.153846174351170095e-01
9.187232894647834325e-01
8.704059853449336304e-01
9.040064075563708501e-01
9.052884630285776835e-01
8.853899626077240681e-01
8.758814082695887127e-01
9.169070528358475025e-01
9.192040612618637141e-01
8.896901742515400668e-01
9.170940218127181520e-01
9.143963647831198083e-01
9.169337595056774592e-01
9.095352517807075987e-01
8.989850449829528412e-01
9.125801313381927127e-01
9.107371808754072262e-01
9.179754231093275596e-01
9.109775639879397202e-01
9.225427388635455417e-01
9.102564146503424602e-01
9.094017064915251858e-01
9.169871768253481381e-01
9.183760709169073166e-01
9.250000056165914586e-01
9.155715784519655731e-01
9.207532065164329982e-01
9.226228676290593178e-01
9.291132443035259314e-01
9.386217938656480353e-01
9.252403863411173823e-01
9.042467970369206798e-01
9.184294914205868299e-01
8.850160270419895614e-01
9.186965843869578929e-01
8.403846166836909104e-01
8.927884568006564381e-01
9.074786312432370217e-01
9.153311953394331901e-01
9.191239293123412146e-01
8.865918789663884692e-01
8.923878161570963918e-01
9.123397434496470781e-01
9.144230762289629055e-01
9.159722175035212022e-01
8.910790571990685471e-01
9.094818392370501714e-01
9.298611130469883745e-01
8.840010693121668206e-01
9.221153875701448843e-01
9.265758591329948946e-01
9.230769224082812086e-01
9.262286334210989569e-01
8.887286322493836987e-01
9.080395278258202030e-01
9.138621780543756401e-01
9.283119654044126312e-01
9.116720082477117737e-01
9.245993625850248421e-01
9.020833339000868811e-01
9.270032032623759521e-01
9.236378213788708491e-01
9.054220075217576102e-01
9.486912439903641969e-01
9.200854705184952076e-01
9.594818339006512264e-01
9.528311973071506014e-01
9.201656032640200822e-01
9.434829020920472153e-01
9.474626114098434471e-01
9.269764957965438423e-01
9.508012834395097590e-01
9.407852581964852856e-01
9.266292700846480157e-01
9.664796993900567346e-01
9.349626087639321126e-01
9.324519179251967715e-01
9.665865396014136079e-01
9.689102626572816401e-01
9.667467899684212274e-01
9.695245765595353893e-01
9.726228591086516495e-01
9.550480801516618712e-01
9.667200832985913816e-01
9.788995736684553695e-01
9.789797008419647284e-01
9.725427375071578062e-01
9.589743538417366819e-01
9.631410217883749070e-01
9.576923071255540876e-01
9.467681631700605172e-01
9.660790619305056337e-01
9.818910287422502048e-01
9.846688033933312933e-01
9.444444432982012083e-01
9.620726523108970030e-01
9.754807680972620298e-01
9.675480776235588776e-01
9.725694489530009035e-01
9.588141050667333687e-01
9.620726539029014202e-01
9.723290602684530048e-01
9.781517089050038027e-01
9.763621749658868421e-01
9.611111158807562616e-01
9.368322694785573557e-01
9.677083343585840547e-01
9.696581202567132740e-01
9.284455114895970862e-01
9.593482909994757168e-01
9.394497850066065858e-01
9.460202968146045333e-01
9.590812020131156412e-01
9.749465853485286271e-01
9.435096139358911671e-01
9.744123970277798197e-01
9.809027744982488084e-01
9.721688035334276057e-01
9.696314111988768580e-01
9.494925220934752330e-01
9.790865354813060861e-01
9.536324801862747780e-01
9.747329057218172554e-01
9.700053467646113647e-01
9.763621773538935233e-01
9.693643142524945855e-01
9.600961557629270615e-01
9.685096084816842144e-01
9.741987205850770604e-01
9.728098256975156177e-01
9.481036335739314591e-01
9.409989358331911635e-01
9.466079040470285477e-01
9.488514975413808727e-01
9.621260712225720990e-01
9.580929477691140228e-01
9.720886763599182467e-01
9.800213652416172039e-01
9.588942298522360463e-01
9.560897405713031372e-01
9.815705112921886411e-01
9.735042771213074930e-01
9.663995706245429584e-01
9.698985065532546024e-01
9.782051310006878442e-01
9.653311939830452326e-01
9.854700814964425515e-01
9.612446563939253119e-01
9.773771342877137780e-01
9.435630304595598039e-01
9.751068341235318293e-01
9.505608995309752229e-01
9.702991543608343594e-01
9.389957262473737076e-01
9.314369641753852402e-01
9.147702987568500088e-01
9.572382491623234735e-01
9.355235077345217531e-01
9.537927353292958710e-01
9.596420938196853490e-01
9.328525713047919332e-01
9.132478641521216689e-01
9.096420927880666252e-01
9.325320538547302585e-01
9.568643175765998432e-01
9.502136777990901617e-01
9.463942331763414151e-01
9.358974373302397787e-01
9.686698699927226430e-01
9.201388886341681506e-01
8.959401733854895911e-01
9.287393159018112465e-01
9.475427346033418186e-01
9.259615285146949315e-01
9.204326978223955624e-01
9.516292706004574331e-01
9.645566185697530548e-01
9.309294956585025815e-01
9.595352623643527146e-01
9.479433752469017538e-01
9.167467897328046567e-01
9.291132466915325017e-01
9.433493607828757899e-01
9.468750001974084451e-01
9.139957289155731246e-01
9.421207266103508449e-01
9.567574805492519152e-01
9.573717944515056644e-01
8.930288494652153242e-01
9.268696555851870800e-01
9.357638872650442252e-01
9.291132474875347658e-01
8.951388889143608862e-01
9.200320468308069710e-01
9.322115411806819463e-01
9.675213725457334490e-01
9.351228571409342383e-01
9.325854719704032014e-01
9.286859001741449848e-01
9.357371797992123374e-01
9.567040560655613035e-01
9.479967965465834201e-01
9.582532053001415751e-01
9.645299126959254732e-01
9.481837591554364009e-01
9.498397430293579191e-01
9.166399630534851628e-01
9.413728658269103766e-01
9.421741487060346643e-01
9.346955130115532917e-01
9.623931641889433841e-01
9.557158161495993287e-01
9.465544883193621750e-01
9.715010651474833558e-01
9.399839749193599214e-01
9.425213656619063629e-01
9.672809870451941627e-01
9.676014909632184580e-01
9.444978630058784574e-01
9.592147425262846916e-01
9.663995761965583631e-01
9.741452945093822535e-01
9.642361106717178831e-01
9.312767074403599521e-01
9.537126105437930823e-01
9.671741460378351363e-01
9.713675174702944837e-01
9.626869646211465570e-01
9.712606740749288869e-01
9.445512835095580817e-01
9.677617500862503164e-01
9.376335531536840184e-01
9.628739296180059970e-01
